hero_id,win_count,loss_count,win_loss_ratio,battle_count,win_prob
10105120_0,3581026,4875625,0.423,8456651,0.423
10105120_1,3637843,4818615,0.43,8456458,0.43
10105120_2,3735788,4715767,0.442,8451555,0.442
10105120_3,3727482,4730051,0.441,8457533,0.441
10105120_4,3785487,4668547,0.448,8454034,0.448
10105120_5,3889005,4565948,0.46,8454953,0.46
10105120_6,3988627,4475357,0.471,8463984,0.471
10105120_7,4023134,4432712,0.476,8455846,0.476
10105120_8,4178914,4272756,0.494,8451670,0.494
10205120_0,3687647,4774071,0.436,8461718,0.436
10205120_1,3750551,4709362,0.443,8459913,0.443
10205120_2,3813908,4646338,0.451,8460246,0.451
10205120_3,3744458,4711618,0.443,8456076,0.443
10205120_4,3835414,4619529,0.454,8454943,0.454
10205120_5,3877970,4578325,0.459,8456295,0.459
10205120_6,3923865,4530499,0.464,8454364,0.464
10205120_7,4010037,4447491,0.474,8457528,0.474
10205120_8,4080515,4371231,0.483,8451746,0.483
10305120_0,5338976,3119815,0.631,8458791,0.631
10305120_1,5253787,3207035,0.621,8460822,0.621
10305120_2,5090584,3368497,0.602,8459081,0.602
10305120_3,5166899,3290542,0.611,8457441,0.611
10305120_4,5055910,3398721,0.598,8454631,0.598
10305120_5,4895204,3565930,0.579,8461134,0.579
10305120_6,4850453,3608562,0.573,8459015,0.573
10305120_7,4767409,3691292,0.564,8458701,0.564
10305120_8,4617916,3834657,0.546,8452573,0.546
10405120_0,5306209,3149565,0.628,8455774,0.628
10405120_1,5251813,3201546,0.621,8453359,0.621
10405120_2,5233385,3221864,0.619,8455249,0.619
10405120_3,5330050,3126033,0.63,8456083,0.63
10405120_4,5225478,3231102,0.618,8456580,0.618
10405120_5,5208881,3247188,0.616,8456069,0.616
10405120_6,5172420,3282425,0.612,8454845,0.612
10405120_7,5003547,3456412,0.591,8459959,0.591
10405120_8,5042251,3413163,0.596,8455414,0.596
10505120_0,3649612,4803370,0.432,8452982,0.432
10505120_1,3721368,4736727,0.44,8458095,0.44
10505120_2,3776839,4683672,0.446,8460511,0.446
10505120_3,3821363,4638231,0.452,8459594,0.452
10505120_4,3859143,4600097,0.456,8459240,0.456
10505120_5,3930820,4526938,0.465,8457758,0.465
10505120_6,3981023,4476038,0.471,8457061,0.471
10505120_7,3969730,4484378,0.47,8454108,0.47
10505120_8,4110054,4347908,0.486,8457962,0.486
10605120_0,5350412,3105839,0.633,8456251,0.633
10605120_1,5305804,3150917,0.627,8456721,0.627
10605120_2,5157556,3297797,0.61,8455353,0.61
10605120_3,5150694,3305606,0.609,8456300,0.609
10605120_4,5041751,3423303,0.596,8465054,0.596
10605120_5,4885155,3570319,0.578,8455474,0.578
10605120_6,4731851,3724528,0.56,8456379,0.56
10605120_7,4582745,3872302,0.542,8455047,0.542
10605120_8,4468966,3991144,0.528,8460110,0.528
10705120_0,3627842,4828243,0.429,8456085,0.429
10705120_1,3625823,4833577,0.429,8459400,0.429
10705120_2,3659658,4795251,0.433,8454909,0.433
10705120_3,3884104,4571536,0.459,8455640,0.459
10705120_4,3873568,4586248,0.458,8459816,0.458
10705120_5,3924563,4531889,0.464,8456452,0.464
10705120_6,4194982,4261914,0.496,8456896,0.496
10705120_7,4146817,4308649,0.49,8455466,0.49
10705120_8,4296883,4160026,0.508,8456909,0.508
10805120_0,3682508,4774515,0.435,8457023,0.435
10805120_1,3770389,4691521,0.446,8461910,0.446
10805120_2,3804984,4651720,0.45,8456704,0.45
10805120_3,3963595,4491161,0.469,8454756,0.469
10805120_4,3957617,4499586,0.468,8457203,0.468
10805120_5,4118046,4338850,0.487,8456896,0.487
10805120_6,4142643,4316492,0.49,8459135,0.49
10805120_7,4033858,4424469,0.477,8458327,0.477
10805120_8,4314290,4144013,0.51,8458303,0.51
10905120_0,4625141,3830103,0.547,8455244,0.547
10905120_1,4725862,3732795,0.559,8458657,0.559
10905120_2,4675793,3779533,0.553,8455326,0.553
10905120_3,4450069,4009162,0.526,8459231,0.526
10905120_4,4507667,3946066,0.533,8453733,0.533
10905120_5,4587564,3870924,0.542,8458488,0.542
10905120_6,4310997,4142668,0.51,8453665,0.51
10905120_7,4334798,4124415,0.512,8459213,0.512
10905120_8,4514298,3940546,0.534,8454844,0.534
11005120_0,3634820,4822263,0.43,8457083,0.43
11005120_1,3718747,4735218,0.44,8453965,0.44
11005120_2,3804535,4648316,0.45,8452851,0.45
11005120_3,3684690,4771843,0.436,8456533,0.436
11005120_4,3809752,4645668,0.451,8455420,0.451
11005120_5,3817585,4640872,0.451,8458457,0.451
11005120_6,3864460,4594129,0.457,8458589,0.457
11005120_7,3981067,4474197,0.471,8455264,0.471
11005120_8,4007676,4449084,0.474,8456760,0.474
11105120_0,3340599,5115229,0.395,8455828,0.395
11105120_1,3511371,4946629,0.415,8458000,0.415
11105120_2,3358714,5096378,0.397,8455092,0.397
11105120_3,3201275,5257028,0.378,8458303,0.378
11105120_4,3458401,4997372,0.409,8455773,0.409
11105120_5,3187637,5272439,0.377,8460076,0.377
11105120_6,3257474,5195478,0.385,8452952,0.385
11105120_7,3547877,4909976,0.419,8457853,0.419
11105120_8,3280046,5180664,0.388,8460710,0.388
11205120_0,4618968,3842296,0.546,8461264,0.546
11205120_1,4630603,3821633,0.548,8452236,0.548
11205120_2,4513240,3941719,0.534,8454959,0.534
11205120_3,4471888,3985268,0.529,8457156,0.529
11205120_4,4473960,3983812,0.529,8457772,0.529
11205120_5,4298243,4163372,0.508,8461615,0.508
11205120_6,4317099,4141032,0.51,8458131,0.51
11205120_7,4344166,4114237,0.514,8458403,0.514
11205120_8,4209024,4246676,0.498,8455700,0.498
