hero_id,win_count,loss_count,win_loss_ratio,battle_count,win_prob
111001_0,85076,81393,0.511,166469,0.511
111001_1,84357,82348,0.506,166705,0.506
111001_2,84186,83099,0.503,167285,0.503
111001_3,81975,85100,0.491,167075,0.491
111001_4,81049,85531,0.487,166580,0.487
111001_5,80515,86122,0.483,166637,0.483
111001_6,80412,86047,0.483,166459,0.483
111001_7,80526,87207,0.48,167733,0.48
111001_8,80122,86496,0.481,166618,0.481
111002_0,106947,59906,0.641,166853,0.641
111002_1,106157,60096,0.639,166253,0.639
111002_2,107316,59731,0.642,167047,0.642
111002_3,104901,61883,0.629,166784,0.629
111002_4,103680,62752,0.623,166432,0.623
111002_5,104332,62308,0.626,166640,0.626
111002_6,106388,60027,0.639,166415,0.639
111002_7,106680,60855,0.637,167535,0.637
111002_8,107375,60128,0.641,167503,0.641
111008_0,70138,96334,0.421,166472,0.421
111008_1,69565,97304,0.417,166869,0.417
111008_2,72434,95173,0.432,167607,0.432
111008_3,73990,92781,0.444,166771,0.444
111008_4,72096,94564,0.433,166660,0.433
111008_5,75074,91937,0.45,167011,0.45
111008_6,75871,91140,0.454,167011,0.454
111008_7,73618,92937,0.442,166555,0.442
111008_8,76367,90124,0.459,166491,0.459
111010_0,75776,91003,0.454,166779,0.454
111010_1,75024,92218,0.449,167242,0.449
111010_2,75831,91479,0.453,167310,0.453
111010_3,75653,91116,0.454,166769,0.454
111010_4,73941,92958,0.443,166899,0.443
111010_5,75031,91282,0.451,166313,0.451
111010_6,75966,91175,0.455,167141,0.455
111010_7,74899,91696,0.45,166595,0.45
111010_8,75718,91782,0.452,167500,0.452
111011_0,73751,93142,0.442,166893,0.442
111011_1,73455,93318,0.44,166773,0.44
111011_2,73957,92320,0.445,166277,0.445
111011_3,75122,92061,0.449,167183,0.449
111011_4,74829,91539,0.45,166368,0.45
111011_5,75988,91187,0.455,167175,0.455
111011_6,76802,89677,0.461,166479,0.461
111011_7,76994,89865,0.461,166859,0.461
111011_8,78062,88612,0.468,166674,0.468
111012_0,98560,67831,0.592,166391,0.592
111012_1,96659,70469,0.578,167128,0.578
111012_2,98017,69426,0.585,167443,0.585
111012_3,95744,70834,0.575,166578,0.575
111012_4,94713,72744,0.566,167457,0.566
111012_5,95182,71407,0.571,166589,0.571
111012_6,95882,70395,0.577,166277,0.577
111012_7,94267,72654,0.565,166921,0.565
111012_8,95434,71904,0.57,167338,0.57
111013_0,91321,75974,0.546,167295,0.546
111013_1,90780,75156,0.547,165936,0.547
111013_2,91652,75135,0.55,166787,0.55
111013_3,87242,80313,0.521,167555,0.521
111013_4,87324,79800,0.523,167124,0.523
111013_5,88936,78144,0.532,167080,0.532
111013_6,87355,79286,0.524,166641,0.524
111013_7,87003,79668,0.522,166671,0.522
111013_8,89323,78028,0.534,167351,0.534
111018_0,72467,94325,0.434,166792,0.434
111018_1,72171,93525,0.436,165696,0.436
111018_2,72383,94293,0.434,166676,0.434
111018_3,70689,95250,0.426,165939,0.426
111018_4,70638,95696,0.425,166334,0.425
111018_5,71797,95320,0.43,167117,0.43
111018_6,73307,94468,0.437,167775,0.437
111018_7,72445,94993,0.433,167438,0.433
111018_8,72489,93845,0.436,166334,0.436
111019_0,65982,100150,0.397,166132,0.397
111019_1,66702,100679,0.399,167381,0.399
111019_2,66724,100400,0.399,167124,0.399
111019_3,66335,100699,0.397,167034,0.397
111019_4,66903,99741,0.401,166644,0.401
111019_5,66830,99833,0.401,166663,0.401
111019_6,66953,100296,0.4,167249,0.4
111019_7,67770,99450,0.405,167220,0.405
111019_8,68230,98346,0.41,166576,0.41
111020_0,78970,87811,0.473,166781,0.473
111020_1,77757,88857,0.467,166614,0.467
111020_2,80186,86298,0.482,166484,0.482
111020_3,77978,89146,0.467,167124,0.467
111020_4,76968,90156,0.461,167124,0.461
111020_5,79791,87501,0.477,167292,0.477
111020_6,77664,89149,0.466,166813,0.466
111020_7,76919,90038,0.461,166957,0.461
111020_8,79532,87476,0.476,167008,0.476
111021_0,71215,95678,0.427,166893,0.427
111021_1,70495,96363,0.422,166858,0.422
111021_2,71465,95776,0.427,167241,0.427
111021_3,72654,94723,0.434,167377,0.434
111021_4,71234,95161,0.428,166395,0.428
111021_5,73165,93756,0.438,166921,0.438
111021_6,74043,92944,0.443,166987,0.443
111021_7,73314,93951,0.438,167265,0.438
111021_8,74401,92764,0.445,167165,0.445
111023_0,61686,105461,0.369,167147,0.369
111023_1,62970,104412,0.376,167382,0.376
111023_2,63027,103565,0.378,166592,0.378
111023_3,62034,104382,0.373,166416,0.373
111023_4,62744,103894,0.377,166638,0.377
111023_5,63333,103653,0.379,166986,0.379
111023_6,64824,102183,0.388,167007,0.388
111023_7,65810,101430,0.394,167240,0.394
111023_8,66028,100817,0.396,166845,0.396
111024_0,71157,95461,0.427,166618,0.427
111024_1,71777,95457,0.429,167234,0.429
111024_2,72829,94159,0.436,166988,0.436
111024_3,71071,96062,0.425,167133,0.425
111024_4,71329,95028,0.429,166357,0.429
111024_5,72578,94609,0.434,167187,0.434
111024_6,72505,94675,0.434,167180,0.434
111024_7,72531,93938,0.436,166469,0.436
111024_8,74109,93346,0.443,167455,0.443
111025_0,92714,74392,0.555,167106,0.555
111025_1,90274,76634,0.541,166908,0.541
111025_2,92970,73432,0.559,166402,0.559
111025_3,93911,72862,0.563,166773,0.563
111025_4,91355,75528,0.547,166883,0.547
111025_5,94681,72527,0.566,167208,0.566
111025_6,94729,73390,0.563,168119,0.563
111025_7,91247,75873,0.546,167120,0.546
111025_8,93509,73256,0.561,166765,0.561
111026_0,86675,80457,0.519,167132,0.519
111026_1,86666,81165,0.516,167831,0.516
111026_2,86396,80517,0.518,166913,0.518
111026_3,85770,81037,0.514,166807,0.514
111026_4,85117,81419,0.511,166536,0.511
111026_5,85247,81468,0.511,166715,0.511
111026_6,85081,81303,0.511,166384,0.511
111026_7,84924,81400,0.511,166324,0.511
111026_8,84500,82135,0.507,166635,0.507
111027_0,72621,94125,0.436,166746,0.436
111027_1,75197,92529,0.448,167726,0.448
111027_2,74973,91975,0.449,166948,0.449
111027_3,73922,92981,0.443,166903,0.443
111027_4,74972,91271,0.451,166243,0.451
111027_5,75669,91408,0.453,167077,0.453
111027_6,76132,90715,0.456,166847,0.456
111027_7,77586,89054,0.466,166640,0.466
111027_8,78090,88506,0.469,166596,0.469
111031_0,71180,95778,0.426,166958,0.426
111031_1,71714,94557,0.431,166271,0.431
111031_2,69616,96415,0.419,166031,0.419
111031_3,68740,98266,0.412,167006,0.412
111031_4,69222,97768,0.415,166990,0.415
111031_5,68989,97818,0.414,166807,0.414
111031_6,70217,96859,0.42,167076,0.42
111031_7,71748,95427,0.429,167175,0.429
111031_8,70952,95641,0.426,166593,0.426
111032_0,69295,97907,0.414,167202,0.414
111032_1,70078,96846,0.42,166924,0.42
111032_2,68813,98296,0.412,167109,0.412
111032_3,66911,99022,0.403,165933,0.403
111032_4,68009,98722,0.408,166731,0.408
111032_5,66886,99273,0.403,166159,0.403
111032_6,67583,99060,0.406,166643,0.406
111032_7,69642,98081,0.415,167723,0.415
111032_8,68522,98561,0.41,167083,0.41
111033_0,99137,68097,0.593,167234,0.593
111033_1,94416,72065,0.567,166481,0.567
111033_2,99143,67734,0.594,166877,0.594
111033_3,100658,66057,0.604,166715,0.604
111033_4,96524,70786,0.577,167310,0.577
111033_5,100515,66109,0.603,166624,0.603
111033_6,100086,66839,0.6,166925,0.6
111033_7,96598,70583,0.578,167181,0.578
111033_8,100739,66680,0.602,167419,0.602
111034_0,68399,98293,0.41,166692,0.41
111034_1,67056,99058,0.404,166114,0.404
111034_2,69727,96824,0.419,166551,0.419
111034_3,71609,95333,0.429,166942,0.429
111034_4,69912,96041,0.421,165953,0.421
111034_5,73488,93970,0.439,167458,0.439
111034_6,73275,93003,0.441,166278,0.441
111034_7,72022,94522,0.432,166544,0.432
111034_8,75568,91579,0.452,167147,0.452
111035_0,64357,102178,0.386,166535,0.386
111035_1,64843,102623,0.387,167466,0.387
111035_2,65991,100259,0.397,166250,0.397
111035_3,67255,99325,0.404,166580,0.404
111035_4,66613,99746,0.4,166359,0.4
111035_5,68796,97845,0.413,166641,0.413
111035_6,69531,96689,0.418,166220,0.418
111035_7,68888,97201,0.415,166089,0.415
111035_8,70988,96561,0.424,167549,0.424
111036_0,66728,99284,0.402,166012,0.402
111036_1,66523,99989,0.4,166512,0.4
111036_2,67774,98980,0.406,166754,0.406
111036_3,68780,97938,0.413,166718,0.413
111036_4,67825,99388,0.406,167213,0.406
111036_5,70539,96999,0.421,167538,0.421
111036_6,70814,95254,0.426,166068,0.426
111036_7,70740,96186,0.424,166926,0.424
111036_8,72598,93794,0.436,166392,0.436
111038_0,87819,78969,0.527,166788,0.527
111038_1,86706,80749,0.518,167455,0.518
111038_2,88560,78000,0.532,166560,0.532
111038_3,89384,78028,0.534,167412,0.534
111038_4,88085,79341,0.526,167426,0.526
111038_5,89954,77458,0.537,167412,0.537
111038_6,89946,77163,0.538,167109,0.538
111038_7,87270,79077,0.525,166347,0.525
111038_8,89111,78258,0.532,167369,0.532
111039_0,100222,65865,0.603,166087,0.603
111039_1,110364,56344,0.662,166708,0.662
111039_2,95420,71482,0.572,166902,0.572
111039_3,90956,75690,0.546,166646,0.546
111039_4,100477,66392,0.602,166869,0.602
111039_5,87154,80120,0.521,167274,0.521
111039_6,87771,79833,0.524,167604,0.524
111039_7,96031,70159,0.578,166190,0.578
111039_8,84026,81979,0.506,166005,0.506
111040_0,91449,75830,0.547,167279,0.547
111040_1,89916,78112,0.535,168028,0.535
111040_2,92713,74173,0.556,166886,0.556
111040_3,90681,75729,0.545,166410,0.545
111040_4,88573,77894,0.532,166467,0.532
111040_5,92745,73903,0.557,166648,0.557
111040_6,89821,77524,0.537,167345,0.537
111040_7,86974,79984,0.521,166958,0.521
111040_8,90117,76114,0.542,166231,0.542
111041_0,71133,95527,0.427,166660,0.427
111041_1,74346,93387,0.443,167733,0.443
111041_2,72162,95021,0.432,167183,0.432
111041_3,69697,97434,0.417,167131,0.417
111041_4,72556,94014,0.436,166570,0.436
111041_5,71489,95231,0.429,166720,0.429
111041_6,72601,93887,0.436,166488,0.436
111041_7,74869,91552,0.45,166421,0.45
111041_8,75254,92311,0.449,167565,0.449
111042_0,101345,65101,0.609,166446,0.609
111042_1,106382,60470,0.638,166852,0.638
111042_2,99622,66957,0.598,166579,0.598
111042_3,96290,71081,0.575,167371,0.575
111042_4,100900,66114,0.604,167014,0.604
111042_5,94677,72862,0.565,167539,0.565
111042_6,96277,71152,0.575,167429,0.575
111042_7,101022,66668,0.602,167690,0.602
111042_8,94874,72081,0.568,166955,0.568
111043_0,70628,95834,0.424,166462,0.424
111043_1,73941,92656,0.444,166597,0.444
111043_2,71711,94813,0.431,166524,0.431
111043_3,70122,96311,0.421,166433,0.421
111043_4,73192,94084,0.438,167276,0.438
111043_5,71408,94918,0.429,166326,0.429
111043_6,72868,94126,0.436,166994,0.436
111043_7,75633,91405,0.453,167038,0.453
111043_8,74088,92872,0.444,166960,0.444
111044_0,94609,71734,0.569,166343,0.569
111044_1,92989,74756,0.554,167745,0.554
111044_2,95002,72178,0.568,167180,0.568
111044_3,96692,69819,0.581,166511,0.581
111044_4,95072,71534,0.571,166606,0.571
111044_5,97058,69605,0.582,166663,0.582
111044_6,98751,69206,0.588,167957,0.588
111044_7,96285,70921,0.576,167206,0.576
111044_8,97966,68411,0.589,166377,0.589
111045_0,88449,78486,0.53,166935,0.53
111045_1,86561,79986,0.52,166547,0.52
111045_2,89366,77793,0.535,167159,0.535
111045_3,88286,78943,0.528,167229,0.528
111045_4,87004,80716,0.519,167720,0.519
111045_5,89979,77578,0.537,167557,0.537
111045_6,89232,77895,0.534,167127,0.534
111045_7,87024,79564,0.522,166588,0.522
111045_8,90568,76265,0.543,166833,0.543
111046_0,74147,93322,0.443,167469,0.443
111046_1,72486,94488,0.434,166974,0.434
111046_2,75397,91244,0.452,166641,0.452
111046_3,74782,92073,0.448,166855,0.448
111046_4,73406,93456,0.44,166862,0.44
111046_5,77087,90080,0.461,167167,0.461
111046_6,77202,89924,0.462,167126,0.462
111046_7,75484,90911,0.454,166395,0.454
111046_8,79160,87608,0.475,166768,0.475
111049_0,79990,87020,0.479,167010,0.479
111049_1,80604,85586,0.485,166190,0.485
111049_2,81769,84971,0.49,166740,0.49
111049_3,81478,84737,0.49,166215,0.49
111049_4,82234,84553,0.493,166787,0.493
111049_5,84362,83118,0.504,167480,0.504
111049_6,83914,82669,0.504,166583,0.504
111049_7,84719,82886,0.505,167605,0.505
111049_8,85549,80946,0.514,166495,0.514
111051_0,89041,78401,0.532,167442,0.532
111051_1,87714,79156,0.526,166870,0.526
111051_2,90437,76542,0.542,166979,0.542
111051_3,88512,77961,0.532,166473,0.532
111051_4,88233,79037,0.527,167270,0.527
111051_5,89848,77020,0.538,166868,0.538
111051_6,88333,78249,0.53,166582,0.53
111051_7,88329,79159,0.527,167488,0.527
111051_8,88911,78020,0.533,166931,0.533
111060_0,114262,52797,0.684,167059,0.684
111060_1,110954,55809,0.665,166763,0.665
111060_2,112866,53402,0.679,166268,0.679
111060_3,111782,55462,0.668,167244,0.668
111060_4,108644,58121,0.651,166765,0.651
111060_5,110316,56064,0.663,166380,0.663
111060_6,108666,58025,0.652,166691,0.652
111060_7,106121,60243,0.638,166364,0.638
111060_8,108541,58984,0.648,167525,0.648
111061_0,101305,65533,0.607,166838,0.607
111061_1,102755,64398,0.615,167153,0.615
111061_2,103167,64225,0.616,167392,0.616
111061_3,100803,65570,0.606,166373,0.606
111061_4,102128,65138,0.611,167266,0.611
111061_5,101085,65607,0.606,166692,0.606
111061_6,100578,66151,0.603,166729,0.603
111061_7,100659,66489,0.602,167148,0.602
111061_8,100084,66598,0.6,166682,0.6
111062_0,77513,89241,0.465,166754,0.465
111062_1,76438,90422,0.458,166860,0.458
111062_2,78517,88725,0.469,167242,0.469
111062_3,89126,77914,0.534,167040,0.534
111062_4,87133,79332,0.523,166465,0.523
111062_5,89650,76929,0.538,166579,0.538
111062_6,95510,71682,0.571,167192,0.571
111062_7,93203,73160,0.56,166363,0.56
111062_8,96690,70208,0.579,166898,0.579
111063_0,79525,86075,0.48,165600,0.48
111063_1,80745,85807,0.485,166552,0.485
111063_2,80934,85165,0.487,166099,0.487
111063_3,79556,86972,0.478,166528,0.478
111063_4,80147,86992,0.48,167139,0.48
111063_5,80556,86307,0.483,166863,0.483
111063_6,80706,85427,0.486,166133,0.486
111063_7,81279,85462,0.487,166741,0.487
111063_8,82223,84835,0.492,167058,0.492
111083_0,116809,49166,0.704,165975,0.704
111083_1,113164,53611,0.679,166775,0.679
111083_2,116957,49948,0.701,166905,0.701
111083_3,119010,47920,0.713,166930,0.713
111083_4,114387,52420,0.686,166807,0.686
111083_5,118333,48718,0.708,167051,0.708
111083_6,117394,49863,0.702,167257,0.702
111083_7,112756,53490,0.678,166246,0.678
111083_8,116764,50498,0.698,167262,0.698
111084_0,110415,56628,0.661,167043,0.661
111084_1,111501,56231,0.665,167732,0.665
111084_2,109831,56925,0.659,166756,0.659
111084_3,107048,59497,0.643,166545,0.643
111084_4,108641,57715,0.653,166356,0.653
111084_5,106961,59154,0.644,166115,0.644
111084_6,107066,59822,0.642,166888,0.642
111084_7,108901,58326,0.651,167227,0.651
111084_8,107396,59853,0.642,167249,0.642
111085_0,84450,82290,0.506,166740,0.506
111085_1,82740,83677,0.497,166417,0.497
111085_2,83802,83975,0.499,167777,0.499
111085_3,83036,83870,0.498,166906,0.498
111085_4,81245,85753,0.487,166998,0.487
111085_5,81692,85587,0.488,167279,0.488
111085_6,81325,85381,0.488,166706,0.488
111085_7,79306,87068,0.477,166374,0.477
111085_8,79879,86883,0.479,166762,0.479
111086_0,60434,106528,0.362,166962,0.362
111086_1,61065,105263,0.367,166328,0.367
111086_2,61918,104801,0.371,166719,0.371
111086_3,61286,105274,0.368,166560,0.368
111086_4,61872,104958,0.371,166830,0.371
111086_5,62936,103982,0.377,166918,0.377
111086_6,63522,103739,0.38,167261,0.38
111086_7,64562,102583,0.386,167145,0.386
111086_8,64934,101453,0.39,166387,0.39
111087_0,71344,95332,0.428,166676,0.428
111087_1,73937,92661,0.444,166598,0.444
111087_2,72702,94291,0.435,166993,0.435
111087_3,72863,94676,0.435,167539,0.435
111087_4,74272,93363,0.443,167635,0.443
111087_5,72989,93038,0.44,166027,0.44
111087_6,73363,94057,0.438,167420,0.438
111087_7,74584,91987,0.448,166571,0.448
111087_8,73830,92684,0.443,166514,0.443
111088_0,88158,78843,0.528,167001,0.528
111088_1,89313,77366,0.536,166679,0.536
111088_2,88426,77816,0.532,166242,0.532
111088_3,86084,80731,0.516,166815,0.516
111088_4,88044,78771,0.528,166815,0.528
111088_5,88161,78685,0.528,166846,0.528
111088_6,88356,78670,0.529,167026,0.529
111088_7,89327,76850,0.538,166177,0.538
111088_8,89578,77202,0.537,166780,0.537
111089_0,87664,79366,0.525,167030,0.525
111089_1,87001,79716,0.522,166717,0.522
111089_2,90118,76947,0.539,167065,0.539
111089_3,87375,78893,0.526,166268,0.526
111089_4,88087,79324,0.526,167411,0.526
111089_5,90816,76154,0.544,166970,0.544
111089_6,92680,73898,0.556,166578,0.556
111089_7,92926,74162,0.556,167088,0.556
111089_8,95846,71221,0.574,167067,0.574
111090_0,87076,79565,0.523,166641,0.523
111090_1,85817,81253,0.514,167070,0.514
111090_2,88985,78041,0.533,167026,0.533
111090_3,89526,77650,0.536,167176,0.536
111090_4,87266,79742,0.523,167008,0.523
111090_5,89629,77300,0.537,166929,0.537
111090_6,88323,78404,0.53,166727,0.53
111090_7,86455,80089,0.519,166544,0.519
111090_8,88482,78695,0.529,167177,0.529
111092_0,118662,48923,0.708,167585,0.708
111092_1,121613,45923,0.726,167536,0.726
111092_2,115302,51366,0.692,166668,0.692
111092_3,110336,56694,0.661,167030,0.661
111092_4,113450,52969,0.682,166419,0.682
111092_5,107391,58632,0.647,166023,0.647
111092_6,108599,58397,0.65,166996,0.65
111092_7,110632,56564,0.662,167196,0.662
111092_8,105878,60602,0.636,166480,0.636
111093_0,69825,96430,0.42,166255,0.42
111093_1,71134,95849,0.426,166983,0.426
111093_2,71737,95853,0.428,167590,0.428
111093_3,69848,97082,0.418,166930,0.418
111093_4,70916,95541,0.426,166457,0.426
111093_5,71907,95322,0.43,167229,0.43
111093_6,70991,95904,0.425,166895,0.425
111093_7,72631,94539,0.434,167170,0.434
111093_8,73121,93056,0.44,166177,0.44
111094_0,58121,108753,0.348,166874,0.348
111094_1,59378,107744,0.355,167122,0.355
111094_2,57916,108201,0.349,166117,0.349
111094_3,57195,110029,0.342,167224,0.342
111094_4,58308,109221,0.348,167529,0.348
111094_5,57117,108993,0.344,166110,0.344
111094_6,57977,108248,0.349,166225,0.349
111094_7,59342,107461,0.356,166803,0.356
111094_8,58706,108378,0.351,167084,0.351
111096_0,89257,77733,0.535,166990,0.535
111096_1,88578,78059,0.532,166637,0.532
111096_2,89414,77195,0.537,166609,0.537
111096_3,89859,77155,0.538,167014,0.538
111096_4,88259,78195,0.53,166454,0.53
111096_5,88436,78738,0.529,167174,0.529
111096_6,88943,78353,0.532,167296,0.532
111096_7,87155,79154,0.524,166309,0.524
111096_8,87417,79297,0.524,166714,0.524
111097_0,63448,103578,0.38,167026,0.38
111097_1,64040,103337,0.383,167377,0.383
111097_2,65949,101049,0.395,166998,0.395
111097_3,66051,101162,0.395,167213,0.395
111097_4,65869,101158,0.394,167027,0.394
111097_5,68434,98738,0.409,167172,0.409
111097_6,67884,98760,0.407,166644,0.407
111097_7,67777,98696,0.407,166473,0.407
111097_8,69677,96998,0.418,166675,0.418
111098_0,104672,62571,0.626,167243,0.626
111098_1,100892,65563,0.606,166455,0.606
111098_2,101024,65850,0.605,166874,0.605
111098_3,100312,67029,0.599,167341,0.599
111098_4,96849,70031,0.58,166880,0.58
111098_5,97020,69848,0.581,166868,0.581
111098_6,95801,71345,0.573,167146,0.573
111098_7,92674,74220,0.555,166894,0.555
111098_8,92797,74136,0.556,166933,0.556
