hero_id,win_count,loss_count,win_loss_ratio,battle_count,win_prob
102001_0,171683,151372,0.531,323055,0.531
102001_1,173822,148480,0.539,322302,0.539
102001_2,170976,151466,0.53,322442,0.53
102001_3,165604,155883,0.515,321487,0.515
102001_4,167958,153652,0.522,321610,0.522
102001_5,166481,155651,0.517,322132,0.517
102001_6,167145,155539,0.518,322684,0.518
102001_7,168702,153729,0.523,322431,0.523
102001_8,166995,155899,0.517,322894,0.517
102002_0,174421,147895,0.541,322316,0.541
102002_1,171376,151482,0.531,322858,0.531
102002_2,173618,148685,0.539,322303,0.539
102002_3,172537,149731,0.535,322268,0.535
102002_4,169513,152933,0.526,322446,0.526
102002_5,171155,151351,0.531,322506,0.531
102002_6,172615,150399,0.534,323014,0.534
102002_7,170120,151899,0.528,322019,0.528
102002_8,171687,150479,0.533,322166,0.533
102008_0,126313,195798,0.392,322111,0.392
102008_1,125990,196270,0.391,322260,0.391
102008_2,130109,192810,0.403,322919,0.403
102008_3,132382,188808,0.412,321190,0.412
102008_4,129906,192674,0.403,322580,0.403
102008_5,134058,187353,0.417,321411,0.417
102008_6,136343,186206,0.423,322549,0.423
102008_7,133165,189277,0.413,322442,0.413
102008_8,137772,183926,0.428,321698,0.428
102010_0,183060,141147,0.565,324207,0.565
102010_1,178235,143951,0.553,322186,0.553
102010_2,179138,142999,0.556,322137,0.556
102010_3,180684,142054,0.56,322738,0.56
102010_4,176541,145746,0.548,322287,0.548
102010_5,177125,144765,0.55,321890,0.55
102010_6,176934,145397,0.549,322331,0.549
102010_7,173022,149603,0.536,322625,0.536
102010_8,173793,148173,0.54,321966,0.54
102011_0,137526,184787,0.427,322313,0.427
102011_1,137609,184805,0.427,322414,0.427
102011_2,140902,180827,0.438,321729,0.438
102011_3,141929,179438,0.442,321367,0.442
102011_4,141011,180647,0.438,321658,0.438
102011_5,147068,176289,0.455,323357,0.455
102011_6,148182,174935,0.459,323117,0.459
102011_7,146752,176521,0.454,323273,0.454
102011_8,152777,169458,0.474,322235,0.474
102012_0,169560,152673,0.526,322233,0.526
102012_1,165576,156762,0.514,322338,0.514
102012_2,166984,155877,0.517,322861,0.517
102012_3,165050,157691,0.511,322741,0.511
102012_4,163423,159216,0.507,322639,0.507
102012_5,162522,158725,0.506,321247,0.506
102012_6,163340,159459,0.506,322799,0.506
102012_7,161531,160591,0.501,322122,0.501
102012_8,160979,161478,0.499,322457,0.499
102013_0,172494,149813,0.535,322307,0.535
102013_1,171561,150522,0.533,322083,0.533
102013_2,176970,146306,0.547,323276,0.547
102013_3,168987,152847,0.525,321834,0.525
102013_4,168676,153750,0.523,322426,0.523
102013_5,174166,148104,0.54,322270,0.54
102013_6,169575,152204,0.527,321779,0.527
102013_7,168181,153778,0.522,321959,0.522
102013_8,175332,147709,0.543,323041,0.543
102018_0,171630,151336,0.531,322966,0.531
102018_1,170070,152082,0.528,322152,0.528
102018_2,169743,152243,0.527,321986,0.527
102018_3,165361,157275,0.513,322636,0.513
102018_4,163710,158891,0.507,322601,0.507
102018_5,164962,157772,0.511,322734,0.511
102018_6,165226,156811,0.513,322037,0.513
102018_7,162858,158903,0.506,321761,0.506
102018_8,164391,158917,0.508,323308,0.508
102019_0,132523,189576,0.411,322099,0.411
102019_1,133699,187976,0.416,321675,0.416
102019_2,132565,190467,0.41,323032,0.41
102019_3,130266,191885,0.404,322151,0.404
102019_4,130859,192014,0.405,322873,0.405
102019_5,129612,192592,0.402,322204,0.402
102019_6,129078,193723,0.4,322801,0.4
102019_7,129685,192937,0.402,322622,0.402
102019_8,129048,193400,0.4,322448,0.4
102020_0,145845,176441,0.453,322286,0.453
102020_1,146800,175867,0.455,322667,0.455
102020_2,149545,172826,0.464,322371,0.464
102020_3,145418,177334,0.451,322752,0.451
102020_4,145520,176828,0.451,322348,0.451
102020_5,150022,172536,0.465,322558,0.465
102020_6,147104,175403,0.456,322507,0.456
102020_7,145816,175605,0.454,321421,0.454
102020_8,150933,171655,0.468,322588,0.468
102021_0,153312,168508,0.476,321820,0.476
102021_1,152045,170193,0.472,322238,0.472
102021_2,155397,166757,0.482,322154,0.482
102021_3,157915,164244,0.49,322159,0.49
102021_4,155794,166231,0.484,322025,0.484
102021_5,159794,161922,0.497,321716,0.497
102021_6,161909,161187,0.501,323096,0.501
102021_7,159268,163136,0.494,322404,0.494
102021_8,162627,159186,0.505,321813,0.505
102023_0,137871,184363,0.428,322234,0.428
102023_1,139010,182352,0.433,321362,0.433
102023_2,139449,182619,0.433,322068,0.433
102023_3,138233,184309,0.429,322542,0.429
102023_4,139751,183355,0.433,323106,0.433
102023_5,139832,181268,0.435,321100,0.435
102023_6,143609,179177,0.445,322786,0.445
102023_7,142769,178620,0.444,321389,0.444
102023_8,145710,176801,0.452,322511,0.452
102024_0,128196,194543,0.397,322739,0.397
102024_1,131811,189999,0.41,321810,0.41
102024_2,130034,192521,0.403,322555,0.403
102024_3,126669,195401,0.393,322070,0.393
102024_4,131048,191090,0.407,322138,0.407
102024_5,130063,193130,0.402,323193,0.402
102024_6,130343,192213,0.404,322556,0.404
102024_7,134237,188099,0.416,322336,0.416
102024_8,134270,187896,0.417,322166,0.417
102025_0,144772,177928,0.449,322700,0.449
102025_1,144848,177530,0.449,322378,0.449
102025_2,146989,176019,0.455,323008,0.455
102025_3,145942,177256,0.452,323198,0.452
102025_4,145978,176766,0.452,322744,0.452
102025_5,147806,175305,0.457,323111,0.457
102025_6,146322,176489,0.453,322811,0.453
102025_7,145482,176465,0.452,321947,0.452
102025_8,146246,176084,0.454,322330,0.454
102026_0,160825,161296,0.499,322121,0.499
102026_1,160656,160984,0.499,321640,0.499
102026_2,159525,162138,0.496,321663,0.496
102026_3,157837,164887,0.489,322724,0.489
102026_4,157386,164853,0.488,322239,0.488
102026_5,156658,165901,0.486,322559,0.486
102026_6,155846,165955,0.484,321801,0.484
102026_7,155013,167344,0.481,322357,0.481
102026_8,153524,167897,0.478,321421,0.478
102027_0,143978,178301,0.447,322279,0.447
102027_1,150152,173251,0.464,323403,0.464
102027_2,151081,171776,0.468,322857,0.468
102027_3,149220,172545,0.464,321765,0.464
102027_4,152838,169235,0.475,322073,0.475
102027_5,152811,169823,0.474,322634,0.474
102027_6,155070,165957,0.483,321027,0.483
102027_7,159510,162724,0.495,322234,0.495
102027_8,158530,163768,0.492,322298,0.492
102031_0,115872,207193,0.359,323065,0.359
102031_1,114966,207061,0.357,322027,0.357
102031_2,114534,207723,0.355,322257,0.355
102031_3,113907,208382,0.353,322289,0.353
102031_4,114490,208290,0.355,322780,0.355
102031_5,115970,207524,0.358,323494,0.358
102031_6,119751,203755,0.37,323506,0.37
102031_7,120673,201380,0.375,322053,0.375
102031_8,123786,198631,0.384,322417,0.384
102032_0,144901,177352,0.45,322253,0.45
102032_1,145722,177194,0.451,322916,0.451
102032_2,143073,179625,0.443,322698,0.443
102032_3,141722,180073,0.44,321795,0.44
102032_4,142911,180285,0.442,323196,0.442
102032_5,141087,180950,0.438,322037,0.438
102032_6,143118,178953,0.444,322071,0.444
102032_7,143148,179347,0.444,322495,0.444
102032_8,143204,180223,0.443,323427,0.443
102033_0,193896,127702,0.603,321598,0.603
102033_1,187385,134796,0.582,322181,0.582
102033_2,195055,127107,0.605,322162,0.605
102033_3,197416,125316,0.612,322732,0.612
102033_4,190758,132983,0.589,323741,0.589
102033_5,197475,125278,0.612,322753,0.612
102033_6,194272,128523,0.602,322795,0.602
102033_7,187900,135065,0.582,322965,0.582
102033_8,193131,128766,0.6,321897,0.6
102034_0,109887,212142,0.341,322029,0.341
102034_1,111027,211620,0.344,322647,0.344
102034_2,112651,209068,0.35,321719,0.35
102034_3,113493,207534,0.354,321027,0.354
102034_4,114808,207617,0.356,322425,0.356
102034_5,118411,204465,0.367,322876,0.367
102034_6,122662,200961,0.379,323623,0.379
102034_7,122242,201795,0.377,324037,0.377
102034_8,125899,196347,0.391,322246,0.391
102035_0,133185,189283,0.413,322468,0.413
102035_1,133006,189913,0.412,322919,0.412
102035_2,138232,184808,0.428,323040,0.428
102035_3,141278,180287,0.439,321565,0.439
102035_4,139816,183710,0.432,323526,0.432
102035_5,144144,177587,0.448,321731,0.448
102035_6,149284,173511,0.462,322795,0.462
102035_7,145792,176265,0.453,322057,0.453
102035_8,151386,170811,0.47,322197,0.47
102036_0,144486,178094,0.448,322580,0.448
102036_1,145164,176477,0.451,321641,0.451
102036_2,145255,177045,0.451,322300,0.451
102036_3,145187,176987,0.451,322174,0.451
102036_4,146205,177377,0.452,323582,0.452
102036_5,147602,175297,0.457,322899,0.457
102036_6,148884,172867,0.463,321751,0.463
102036_7,149507,172723,0.464,322230,0.464
102036_8,151419,171139,0.469,322558,0.469
102038_0,176635,146001,0.547,322636,0.547
102038_1,175303,146607,0.545,321910,0.545
102038_2,176625,145839,0.548,322464,0.548
102038_3,177345,145709,0.549,323054,0.549
102038_4,174160,147843,0.541,322003,0.541
102038_5,176052,146644,0.546,322696,0.546
102038_6,175275,147858,0.542,323133,0.542
102038_7,173682,149091,0.538,322773,0.538
102038_8,173138,148295,0.539,321433,0.539
102039_0,181052,140493,0.563,321545,0.563
102039_1,193282,128616,0.6,321898,0.6
102039_2,176263,146694,0.546,322957,0.546
102039_3,164204,157874,0.51,322078,0.51
102039_4,176042,145557,0.547,321599,0.547
102039_5,159809,163050,0.495,322859,0.495
102039_6,157569,165519,0.488,323088,0.488
102039_7,167925,154724,0.52,322649,0.52
102039_8,153790,168756,0.477,322546,0.477
102040_0,191728,130465,0.595,322193,0.595
102040_1,191407,130978,0.594,322385,0.594
102040_2,194301,127678,0.603,321979,0.603
102040_3,188398,133293,0.586,321691,0.586
102040_4,187525,134857,0.582,322382,0.582
102040_5,192658,129856,0.597,322514,0.597
102040_6,183090,139858,0.567,322948,0.567
102040_7,180404,141881,0.56,322285,0.56
102040_8,185251,136921,0.575,322172,0.575
102041_0,150539,171785,0.467,322324,0.467
102041_1,156657,165791,0.486,322448,0.486
102041_2,151102,170964,0.469,322066,0.469
102041_3,145632,176599,0.452,322231,0.452
102041_4,151174,171055,0.469,322229,0.469
102041_5,149053,173380,0.462,322433,0.462
102041_6,150554,172289,0.466,322843,0.466
102041_7,156000,166238,0.484,322238,0.484
102041_8,155230,166419,0.483,321649,0.483
102042_0,208537,113861,0.647,322398,0.647
102042_1,219043,104436,0.677,323479,0.677
102042_2,204918,117072,0.636,321990,0.636
102042_3,198971,123483,0.617,322454,0.617
102042_4,209531,112714,0.65,322245,0.65
102042_5,196617,125025,0.611,321642,0.611
102042_6,200185,122526,0.62,322711,0.62
102042_7,211217,111530,0.654,322747,0.654
102042_8,200410,122759,0.62,323169,0.62
102043_0,157520,164909,0.489,322429,0.489
102043_1,164719,157325,0.511,322044,0.511
102043_2,160435,161868,0.498,322303,0.498
102043_3,154736,166931,0.481,321667,0.481
102043_4,162418,159901,0.504,322319,0.504
102043_5,158126,164343,0.49,322469,0.49
102043_6,161215,161919,0.499,323134,0.499
102043_7,167825,154772,0.52,322597,0.52
102043_8,164189,158483,0.509,322672,0.509
102044_0,180024,142707,0.558,322731,0.558
102044_1,177896,144285,0.552,322181,0.552
102044_2,179282,143544,0.555,322826,0.555
102044_3,178756,142718,0.556,321474,0.556
102044_4,177126,144756,0.55,321882,0.55
102044_5,178586,144212,0.553,322798,0.553
102044_6,178414,143775,0.554,322189,0.554
102044_7,177900,144575,0.552,322475,0.552
102044_8,178121,143835,0.553,321956,0.553
102045_0,160581,162072,0.498,322653,0.498
102045_1,162881,159740,0.505,322621,0.505
102045_2,159782,162721,0.495,322503,0.495
102045_3,159216,162985,0.494,322201,0.494
102045_4,159507,162221,0.496,321728,0.496
102045_5,158576,163554,0.492,322130,0.492
102045_6,160552,161615,0.498,322167,0.498
102045_7,160565,160755,0.5,321320,0.5
102045_8,160312,162556,0.497,322868,0.497
102046_0,145037,177275,0.45,322312,0.45
102046_1,143811,178354,0.446,322165,0.446
102046_2,149077,172639,0.463,321716,0.463
102046_3,151085,171762,0.468,322847,0.468
102046_4,148461,173930,0.46,322391,0.46
102046_5,156399,165870,0.485,322269,0.485
102046_6,158867,163425,0.493,322292,0.493
102046_7,157272,165730,0.487,323002,0.487
102046_8,163563,158241,0.508,321804,0.508
102049_0,150399,172207,0.466,322606,0.466
102049_1,154467,166734,0.481,321201,0.481
102049_2,153303,169992,0.474,323295,0.474
102049_3,151765,171350,0.47,323115,0.47
102049_4,155502,167032,0.482,322534,0.482
102049_5,155087,167542,0.481,322629,0.481
102049_6,156693,165829,0.486,322522,0.486
102049_7,160004,162906,0.496,322910,0.496
102049_8,159414,162596,0.495,322010,0.495
102051_0,170198,152610,0.527,322808,0.527
102051_1,170207,152046,0.528,322253,0.528
102051_2,173550,149339,0.537,322889,0.537
102051_3,166988,154667,0.519,321655,0.519
102051_4,168646,153419,0.524,322065,0.524
102051_5,171037,151123,0.531,322160,0.531
102051_6,168963,153766,0.524,322729,0.524
102051_7,168332,153156,0.524,321488,0.524
102051_8,169796,153416,0.525,323212,0.525
102060_0,184649,138517,0.571,323166,0.571
102060_1,181347,139805,0.565,321152,0.565
102060_2,190386,132267,0.59,322653,0.59
102060_3,186622,135748,0.579,322370,0.579
102060_4,181500,141213,0.562,322713,0.562
102060_5,187995,134040,0.584,322035,0.584
102060_6,184616,137567,0.573,322183,0.573
102060_7,179182,143482,0.555,322664,0.555
102060_8,184972,138117,0.573,323089,0.573
102061_0,226606,96068,0.702,322674,0.702
102061_1,227934,94723,0.706,322657,0.706
102061_2,228890,94116,0.709,323006,0.709
102061_3,228198,94778,0.707,322976,0.707
102061_4,227434,94717,0.706,322151,0.706
102061_5,227335,94766,0.706,322101,0.706
102061_6,223223,98956,0.693,322179,0.693
102061_7,222574,99740,0.691,322314,0.691
102061_8,221791,100377,0.688,322168,0.688
102062_0,188789,132805,0.587,321594,0.587
102062_1,186634,135361,0.58,321995,0.58
102062_2,192678,130496,0.596,323174,0.596
102062_3,193487,129238,0.6,322725,0.6
102062_4,188866,132750,0.587,321616,0.587
102062_5,196507,125709,0.61,322216,0.61
102062_6,195245,127063,0.606,322308,0.606
102062_7,191462,131410,0.593,322872,0.593
102062_8,197925,124314,0.614,322239,0.614
102063_0,160624,161090,0.499,321714,0.499
102063_1,164008,158820,0.508,322828,0.508
102063_2,161930,160022,0.503,321952,0.503
102063_3,158176,164629,0.49,322805,0.49
102063_4,159830,162367,0.496,322197,0.496
102063_5,159178,164191,0.492,323369,0.492
102063_6,158644,163838,0.492,322482,0.492
102063_7,159591,162319,0.496,321910,0.496
102063_8,159530,163649,0.494,323179,0.494
102083_0,158542,163960,0.492,322502,0.492
102083_1,156146,166258,0.484,322404,0.484
102083_2,160941,161048,0.5,321989,0.5
102083_3,162918,160065,0.504,322983,0.504
102083_4,160289,162104,0.497,322393,0.497
102083_5,166105,156523,0.515,322628,0.515
102083_6,166385,155654,0.517,322039,0.517
102083_7,164069,158509,0.509,322578,0.509
102083_8,169911,152509,0.527,322420,0.527
102084_0,225230,96536,0.7,321766,0.7
102084_1,225786,96003,0.702,321789,0.702
102084_2,224462,97204,0.698,321666,0.698
102084_3,219102,103866,0.678,322968,0.678
102084_4,217153,102918,0.678,320071,0.678
102084_5,219324,103020,0.68,322344,0.68
102084_6,215936,105904,0.671,321840,0.671
102084_7,216579,106307,0.671,322886,0.671
102084_8,217378,105258,0.674,322636,0.674
102085_0,167040,154252,0.52,321292,0.52
102085_1,163193,159674,0.505,322867,0.505
102085_2,166017,157148,0.514,323165,0.514
102085_3,163786,158901,0.508,322687,0.508
102085_4,158198,164072,0.491,322270,0.491
102085_5,162206,160915,0.502,323121,0.502
102085_6,159735,163388,0.494,323123,0.494
102085_7,153545,168496,0.477,322041,0.477
102085_8,156421,165358,0.486,321779,0.486
102086_0,138857,184777,0.429,323634,0.429
102086_1,140000,182735,0.434,322735,0.434
102086_2,142362,180448,0.441,322810,0.441
102086_3,139104,183980,0.431,323084,0.431
102086_4,139545,183865,0.431,323410,0.431
102086_5,143826,178664,0.446,322490,0.446
102086_6,142797,179198,0.443,321995,0.443
102086_7,144375,178689,0.447,323064,0.447
102086_8,148964,174148,0.461,323112,0.461
102087_0,170875,150966,0.531,321841,0.531
102087_1,179802,142337,0.558,322139,0.558
102087_2,174802,148187,0.541,322989,0.541
102087_3,175393,147112,0.544,322505,0.544
102087_4,182020,140744,0.564,322764,0.564
102087_5,178247,144926,0.552,323173,0.552
102087_6,175758,146232,0.546,321990,0.546
102087_7,181942,140566,0.564,322508,0.564
102087_8,178190,144239,0.553,322429,0.553
102088_0,151299,171223,0.469,322522,0.469
102088_1,155886,166388,0.484,322274,0.484
102088_2,155936,167190,0.483,323126,0.483
102088_3,155575,166680,0.483,322255,0.483
102088_4,159347,162696,0.495,322043,0.495
102088_5,159395,163011,0.494,322406,0.494
102088_6,161529,161176,0.501,322705,0.501
102088_7,164562,157908,0.51,322470,0.51
102088_8,164673,157211,0.512,321884,0.512
102089_0,159504,163281,0.494,322785,0.494
102089_1,158057,164419,0.49,322476,0.49
102089_2,167243,154673,0.52,321916,0.52
102089_3,168100,154196,0.522,322296,0.522
102089_4,165648,156202,0.515,321850,0.515
102089_5,175805,146147,0.546,321952,0.546
102089_6,181329,140663,0.563,321992,0.563
102089_7,179366,142869,0.557,322235,0.557
102089_8,189706,132341,0.589,322047,0.589
102090_0,148724,173868,0.461,322592,0.461
102090_1,149211,173192,0.463,322403,0.463
102090_2,151748,171496,0.469,323244,0.469
102090_3,150963,171037,0.469,322000,0.469
102090_4,150921,171362,0.468,322283,0.468
102090_5,153864,167609,0.479,321473,0.479
102090_6,153466,168741,0.476,322207,0.476
102090_7,153181,169740,0.474,322921,0.474
102090_8,156688,166096,0.485,322784,0.485
102092_0,195138,127927,0.604,323065,0.604
102092_1,196156,126169,0.609,322325,0.609
102092_2,193296,128191,0.601,321487,0.601
102092_3,187279,135308,0.581,322587,0.581
102092_4,188786,133608,0.586,322394,0.586
102092_5,187784,134924,0.582,322708,0.582
102092_6,189656,131868,0.59,321524,0.59
102092_7,191769,130214,0.596,321983,0.596
102092_8,192386,129863,0.597,322249,0.597
102093_0,146717,175565,0.455,322282,0.455
102093_1,152568,170632,0.472,323200,0.472
102093_2,148913,172994,0.463,321907,0.463
102093_3,143731,178913,0.445,322644,0.445
102093_4,150289,172668,0.465,322957,0.465
102093_5,147641,174722,0.458,322363,0.458
102093_6,148221,173940,0.46,322161,0.46
102093_7,154137,168233,0.478,322370,0.478
102093_8,152291,168715,0.474,321006,0.474
102094_0,108681,213223,0.338,321904,0.338
102094_1,109929,213033,0.34,322962,0.34
102094_2,106745,216184,0.331,322929,0.331
102094_3,104842,217824,0.325,322666,0.325
102094_4,106334,215904,0.33,322238,0.33
102094_5,102820,220044,0.318,322864,0.318
102094_6,105079,217818,0.325,322897,0.325
102094_7,106245,215945,0.33,322190,0.33
102094_8,101803,220496,0.316,322299,0.316
102096_0,154839,167483,0.48,322322,0.48
102096_1,158122,165155,0.489,323277,0.489
102096_2,154766,167204,0.481,321970,0.481
102096_3,155733,167007,0.483,322740,0.483
102096_4,155977,167125,0.483,323102,0.483
102096_5,152648,169893,0.473,322541,0.473
102096_6,153830,168736,0.477,322566,0.477
102096_7,153771,168680,0.477,322451,0.477
102096_8,151866,170701,0.471,322567,0.471
102097_0,125811,196078,0.391,321889,0.391
102097_1,126278,196305,0.391,322583,0.391
102097_2,129438,193366,0.401,322804,0.401
102097_3,129765,192955,0.402,322720,0.402
102097_4,130575,192648,0.404,323223,0.404
102097_5,135218,186795,0.42,322013,0.42
102097_6,135489,186599,0.421,322088,0.421
102097_7,135623,186842,0.421,322465,0.421
102097_8,141766,181138,0.439,322904,0.439
102098_0,197688,124811,0.613,322499,0.613
102098_1,192271,130307,0.596,322578,0.596
102098_2,194309,128199,0.602,322508,0.602
102098_3,197964,125218,0.613,323182,0.613
102098_4,189421,132730,0.588,322151,0.588
102098_5,192464,130351,0.596,322815,0.596
102098_6,191510,131244,0.593,322754,0.593
102098_7,183249,139423,0.568,322672,0.568
102098_8,184351,137787,0.572,322138,0.572
