hero_id,win_count,loss_count,win_loss_ratio,battle_count,win_prob
110001_0,80216,80006,0.501,160222,0.501
110001_1,79824,80591,0.498,160415,0.498
110001_2,78765,80629,0.494,159394,0.494
110001_3,78027,82491,0.486,160518,0.486
110001_4,76515,83386,0.479,159901,0.479
110001_5,76503,83197,0.479,159700,0.479
110001_6,76958,83362,0.48,160320,0.48
110001_7,76272,83766,0.477,160038,0.477
110001_8,76348,84242,0.475,160590,0.475
110002_0,101138,59025,0.631,160163,0.631
110002_1,100976,59185,0.63,160161,0.63
110002_2,101334,58652,0.633,159986,0.633
110002_3,99656,60076,0.624,159732,0.624
110002_4,98711,61110,0.618,159821,0.618
110002_5,99339,60862,0.62,160201,0.62
110002_6,101534,58855,0.633,160389,0.633
110002_7,100517,59233,0.629,159750,0.629
110002_8,101287,58550,0.634,159837,0.634
110008_0,67746,92475,0.423,160221,0.423
110008_1,66996,93062,0.419,160058,0.419
110008_2,70561,89919,0.44,160480,0.44
110008_3,72476,87358,0.453,159834,0.453
110008_4,70705,89289,0.442,159994,0.442
110008_5,73215,87104,0.457,160319,0.457
110008_6,72865,86818,0.456,159683,0.456
110008_7,71392,88679,0.446,160071,0.446
110008_8,73902,86895,0.46,160797,0.46
110010_0,71724,87702,0.45,159426,0.45
110010_1,70537,89759,0.44,160296,0.44
110010_2,71232,89263,0.444,160495,0.444
110010_3,71218,89082,0.444,160300,0.444
110010_4,69961,90215,0.437,160176,0.437
110010_5,71015,89102,0.444,160117,0.444
110010_6,70763,89678,0.441,160441,0.441
110010_7,70673,89684,0.441,160357,0.441
110010_8,70912,88773,0.444,159685,0.444
110011_0,70462,90938,0.437,161400,0.437
110011_1,69548,90874,0.434,160422,0.434
110011_2,69719,89934,0.437,159653,0.437
110011_3,70689,88999,0.443,159688,0.443
110011_4,70823,89000,0.443,159823,0.443
110011_5,72550,88044,0.452,160594,0.452
110011_6,72599,87200,0.454,159799,0.454
110011_7,73032,86752,0.457,159784,0.457
110011_8,73883,85565,0.463,159448,0.463
110012_0,94505,65711,0.59,160216,0.59
110012_1,93239,67133,0.581,160372,0.581
110012_2,93687,66302,0.586,159989,0.586
110012_3,93270,67424,0.58,160694,0.58
110012_4,91107,69550,0.567,160657,0.567
110012_5,91347,68665,0.571,160012,0.571
110012_6,92371,67256,0.579,159627,0.579
110012_7,91517,69097,0.57,160614,0.57
110012_8,91972,68443,0.573,160415,0.573
110013_0,88390,72310,0.55,160700,0.55
110013_1,87082,72971,0.544,160053,0.544
110013_2,87462,72527,0.547,159989,0.547
110013_3,83276,76609,0.521,159885,0.521
110013_4,83325,76904,0.52,160229,0.52
110013_5,84625,75373,0.529,159998,0.529
110013_6,84014,75961,0.525,159975,0.525
110013_7,83632,76184,0.523,159816,0.523
110013_8,85033,75676,0.529,160709,0.529
110018_0,68973,91108,0.431,160081,0.431
110018_1,68594,91777,0.428,160371,0.428
110018_2,68699,91409,0.429,160108,0.429
110018_3,66987,92714,0.419,159701,0.419
110018_4,66775,93021,0.418,159796,0.418
110018_5,67422,92916,0.42,160338,0.42
110018_6,68682,91590,0.429,160272,0.429
110018_7,67795,91750,0.425,159545,0.425
110018_8,68857,91023,0.431,159880,0.431
110019_0,62596,97459,0.391,160055,0.391
110019_1,64537,95974,0.402,160511,0.402
110019_2,65187,94621,0.408,159808,0.408
110019_3,65107,94456,0.408,159563,0.408
110019_4,65971,94333,0.412,160304,0.412
110019_5,66020,94243,0.412,160263,0.412
110019_6,65517,94656,0.409,160173,0.409
110019_7,65364,94535,0.409,159899,0.409
110019_8,65891,94350,0.411,160241,0.411
110020_0,81399,78067,0.51,159466,0.51
110020_1,80409,79712,0.502,160121,0.502
110020_2,82623,77752,0.515,160375,0.515
110020_3,79955,80071,0.5,160026,0.5
110020_4,78081,81698,0.489,159779,0.489
110020_5,81820,78369,0.511,160189,0.511
110020_6,79850,80884,0.497,160734,0.497
110020_7,78707,81638,0.491,160345,0.491
110020_8,81639,78518,0.51,160157,0.51
110021_0,68569,91347,0.429,159916,0.429
110021_1,67037,92557,0.42,159594,0.42
110021_2,68083,91659,0.426,159742,0.426
110021_3,68713,91666,0.428,160379,0.428
110021_4,67502,93193,0.42,160695,0.42
110021_5,69240,90980,0.432,160220,0.432
110021_6,69384,90125,0.435,159509,0.435
110021_7,69227,91481,0.431,160708,0.431
110021_8,70416,89639,0.44,160055,0.44
110023_0,58950,101188,0.368,160138,0.368
110023_1,60831,99376,0.38,160207,0.38
110023_2,60681,99325,0.379,160006,0.379
110023_3,59818,99913,0.374,159731,0.374
110023_4,61257,99195,0.382,160452,0.382
110023_5,61805,98598,0.385,160403,0.385
110023_6,62869,97640,0.392,160509,0.392
110023_7,63512,96753,0.396,160265,0.396
110023_8,64297,96217,0.401,160514,0.401
110024_0,66119,93248,0.415,159367,0.415
110024_1,67715,93376,0.42,161091,0.42
110024_2,67342,91982,0.423,159324,0.423
110024_3,66508,94555,0.413,161063,0.413
110024_4,67287,93273,0.419,160560,0.419
110024_5,68089,92102,0.425,160191,0.425
110024_6,68396,92366,0.425,160762,0.425
110024_7,68171,90809,0.429,158980,0.429
110024_8,69853,90070,0.437,159923,0.437
110025_0,86099,73761,0.539,159860,0.539
110025_1,85124,74796,0.532,159920,0.532
110025_2,88980,71273,0.555,160253,0.555
110025_3,89554,71106,0.557,160660,0.557
110025_4,86859,73015,0.543,159874,0.543
110025_5,89774,70514,0.56,160288,0.56
110025_6,88388,71375,0.553,159763,0.553
110025_7,86204,74157,0.538,160361,0.538
110025_8,88808,71350,0.555,160158,0.555
110026_0,85429,74088,0.536,159517,0.536
110026_1,85356,75246,0.531,160602,0.531
110026_2,85582,74369,0.535,159951,0.535
110026_3,84418,75245,0.529,159663,0.529
110026_4,84699,75888,0.527,160587,0.527
110026_5,84949,75596,0.529,160545,0.529
110026_6,85384,74861,0.533,160245,0.533
110026_7,84462,75234,0.529,159696,0.529
110026_8,84725,75367,0.529,160092,0.529
110027_0,69093,91471,0.43,160564,0.43
110027_1,70574,88926,0.442,159500,0.442
110027_2,70668,89004,0.443,159672,0.443
110027_3,69721,89911,0.437,159632,0.437
110027_4,71973,89183,0.447,161156,0.447
110027_5,71813,88892,0.447,160705,0.447
110027_6,72510,87687,0.453,160197,0.453
110027_7,73860,86203,0.461,160063,0.461
110027_8,74288,86278,0.463,160566,0.463
110031_0,68877,91392,0.43,160269,0.43
110031_1,69698,90514,0.435,160212,0.435
110031_2,68245,92063,0.426,160308,0.426
110031_3,66619,93743,0.415,160362,0.415
110031_4,67379,92667,0.421,160046,0.421
110031_5,66646,93425,0.416,160071,0.416
110031_6,67305,92276,0.422,159581,0.422
110031_7,69083,91717,0.43,160800,0.43
110031_8,68685,91224,0.43,159909,0.43
110032_0,67005,92146,0.421,159151,0.421
110032_1,68663,90896,0.43,159559,0.43
110032_2,66448,93268,0.416,159716,0.416
110032_3,64680,95342,0.404,160022,0.404
110032_4,65959,94211,0.412,160170,0.412
110032_5,64630,94741,0.406,159371,0.406
110032_6,64986,94754,0.407,159740,0.407
110032_7,66385,93644,0.415,160029,0.415
110032_8,66031,94257,0.412,160288,0.412
110033_0,98101,62302,0.612,160403,0.612
110033_1,92649,67347,0.579,159996,0.579
110033_2,97405,62535,0.609,159940,0.609
110033_3,97814,61845,0.613,159659,0.613
110033_4,93655,66553,0.585,160208,0.585
110033_5,98678,61433,0.616,160111,0.616
110033_6,97771,62471,0.61,160242,0.61
110033_7,94101,66261,0.587,160362,0.587
110033_8,99286,61128,0.619,160414,0.619
110034_0,63345,97218,0.395,160563,0.395
110034_1,63099,97147,0.394,160246,0.394
110034_2,65240,94650,0.408,159890,0.408
110034_3,66799,93713,0.416,160512,0.416
110034_4,65617,94600,0.41,160217,0.41
110034_5,68255,91884,0.426,160139,0.426
110034_6,68857,90811,0.431,159668,0.431
110034_7,68181,92091,0.425,160272,0.425
110034_8,71038,89448,0.443,160486,0.443
110035_0,60378,99416,0.378,159794,0.378
110035_1,60797,99193,0.38,159990,0.38
110035_2,62451,97585,0.39,160036,0.39
110035_3,63158,97632,0.393,160790,0.393
110035_4,62623,97158,0.392,159781,0.392
110035_5,64914,94921,0.406,159835,0.406
110035_6,66179,93733,0.414,159912,0.414
110035_7,65422,94812,0.408,160234,0.408
110035_8,66264,94002,0.413,160266,0.413
110036_0,64005,96265,0.399,160270,0.399
110036_1,63882,96635,0.398,160517,0.398
110036_2,64764,95160,0.405,159924,0.405
110036_3,65256,95446,0.406,160702,0.406
110036_4,64349,95280,0.403,159629,0.403
110036_5,66644,93623,0.416,160267,0.416
110036_6,67211,92701,0.42,159912,0.42
110036_7,67008,93136,0.418,160144,0.418
110036_8,68735,91124,0.43,159859,0.43
110038_0,82009,78596,0.511,160605,0.511
110038_1,80972,78948,0.506,159920,0.506
110038_2,82971,77009,0.519,159980,0.519
110038_3,84089,76213,0.525,160302,0.525
110038_4,82484,77152,0.517,159636,0.517
110038_5,84301,75647,0.527,159948,0.527
110038_6,84044,75875,0.526,159919,0.526
110038_7,83051,77330,0.518,160381,0.518
110038_8,83748,75778,0.525,159526,0.525
110039_0,96701,63116,0.605,159817,0.605
110039_1,107067,52960,0.669,160027,0.669
110039_2,91404,68573,0.571,159977,0.571
110039_3,87912,71987,0.55,159899,0.55
110039_4,97149,63127,0.606,160276,0.606
110039_5,84252,76300,0.525,160552,0.525
110039_6,84839,74926,0.531,159765,0.531
110039_7,93398,66475,0.584,159873,0.584
110039_8,81016,78696,0.507,159712,0.507
110040_0,85989,74133,0.537,160122,0.537
110040_1,84479,75847,0.527,160326,0.527
110040_2,86808,72413,0.545,159221,0.545
110040_3,85892,74546,0.535,160438,0.535
110040_4,83395,76128,0.523,159523,0.523
110040_5,86743,72799,0.544,159542,0.544
110040_6,84013,76858,0.522,160871,0.522
110040_7,82232,77565,0.515,159797,0.515
110040_8,84691,75252,0.53,159943,0.53
110041_0,68264,92165,0.426,160429,0.426
110041_1,70807,89345,0.442,160152,0.442
110041_2,69140,91053,0.432,160193,0.432
110041_3,67145,93165,0.419,160310,0.419
110041_4,69232,90449,0.434,159681,0.434
110041_5,68391,91468,0.428,159859,0.428
110041_6,69353,90630,0.434,159983,0.434
110041_7,71829,87588,0.451,159417,0.451
110041_8,71360,88008,0.448,159368,0.448
110042_0,96546,63560,0.603,160106,0.603
110042_1,101560,58375,0.635,159935,0.635
110042_2,95790,64906,0.596,160696,0.596
110042_3,92097,67950,0.575,160047,0.575
110042_4,96601,63535,0.603,160136,0.603
110042_5,91068,69037,0.569,160105,0.569
110042_6,90851,68692,0.569,159543,0.569
110042_7,95871,63976,0.6,159847,0.6
110042_8,90493,69970,0.564,160463,0.564
110043_0,68539,91787,0.427,160326,0.427
110043_1,71534,88279,0.448,159813,0.448
110043_2,69300,90451,0.434,159751,0.434
110043_3,68211,92206,0.425,160417,0.425
110043_4,71187,88989,0.444,160176,0.444
110043_5,69320,90589,0.433,159909,0.433
110043_6,70950,89396,0.442,160346,0.442
110043_7,72720,87169,0.455,159889,0.455
110043_8,70678,88690,0.443,159368,0.443
110044_0,89228,70962,0.557,160190,0.557
110044_1,87804,71855,0.55,159659,0.55
110044_2,90804,69659,0.566,160463,0.566
110044_3,92742,67588,0.578,160330,0.578
110044_4,90492,69345,0.566,159837,0.566
110044_5,92618,67647,0.578,160265,0.578
110044_6,93295,67446,0.58,160741,0.58
110044_7,91243,68671,0.571,159914,0.571
110044_8,93199,66564,0.583,159763,0.583
110045_0,84014,76172,0.524,160186,0.524
110045_1,81740,78679,0.51,160419,0.51
110045_2,83748,76239,0.523,159987,0.523
110045_3,82196,77421,0.515,159617,0.515
110045_4,80979,78775,0.507,159754,0.507
110045_5,83737,75920,0.524,159657,0.524
110045_6,83619,76670,0.522,160289,0.522
110045_7,82071,78143,0.512,160214,0.512
110045_8,85122,75437,0.53,160559,0.53
110046_0,71749,88188,0.449,159937,0.449
110046_1,70468,89450,0.441,159918,0.441
110046_2,73917,86396,0.461,160313,0.461
110046_3,72666,87110,0.455,159776,0.455
110046_4,71548,88817,0.446,160365,0.446
110046_5,75329,84956,0.47,160285,0.47
110046_6,75889,84528,0.473,160417,0.473
110046_7,74186,85756,0.464,159942,0.464
110046_8,77519,82974,0.483,160493,0.483
110049_0,76297,83620,0.477,159917,0.477
110049_1,78292,81437,0.49,159729,0.49
110049_2,80192,80327,0.5,160519,0.5
110049_3,80083,80140,0.5,160223,0.5
110049_4,80594,79286,0.504,159880,0.504
110049_5,81066,79261,0.506,160327,0.506
110049_6,81037,78890,0.507,159927,0.507
110049_7,82218,78808,0.511,161026,0.511
110049_8,82445,76984,0.517,159429,0.517
110051_0,83298,76307,0.522,159605,0.522
110051_1,82844,77580,0.516,160424,0.516
110051_2,85012,74600,0.533,159612,0.533
110051_3,82978,76760,0.519,159738,0.519
110051_4,83598,77192,0.52,160790,0.52
110051_5,85214,74739,0.533,159953,0.533
110051_6,83737,75455,0.526,159192,0.526
110051_7,83848,76980,0.521,160828,0.521
110051_8,84953,75542,0.529,160495,0.529
110060_0,107601,53002,0.67,160603,0.67
110060_1,106653,54016,0.664,160669,0.664
110060_2,108709,51069,0.68,159778,0.68
110060_3,107748,52267,0.673,160015,0.673
110060_4,105120,54991,0.657,160111,0.657
110060_5,106548,53718,0.665,160266,0.665
110060_6,104987,55138,0.656,160125,0.656
110060_7,101548,57811,0.637,159359,0.637
110060_8,103683,56823,0.646,160506,0.646
110061_0,101501,58457,0.635,159958,0.635
110061_1,102004,57619,0.639,159623,0.639
110061_2,102284,58079,0.638,160363,0.638
110061_3,100222,59721,0.627,159943,0.627
110061_4,101527,58817,0.633,160344,0.633
110061_5,100601,59528,0.628,160129,0.628
110061_6,99744,59973,0.625,159717,0.625
110061_7,100468,59618,0.628,160086,0.628
110061_8,99855,60006,0.625,159861,0.625
110062_0,76989,82869,0.482,159858,0.482
110062_1,75739,84124,0.474,159863,0.474
110062_2,77135,82310,0.484,159445,0.484
110062_3,87199,73123,0.544,160322,0.544
110062_4,86104,74525,0.536,160629,0.536
110062_5,89180,71045,0.557,160225,0.557
110062_6,94086,65884,0.588,159970,0.588
110062_7,92377,67466,0.578,159843,0.578
110062_8,96457,64116,0.601,160573,0.601
110063_0,76061,83615,0.476,159676,0.476
110063_1,77443,82130,0.485,159573,0.485
110063_2,78207,81869,0.489,160076,0.489
110063_3,76774,82997,0.481,159771,0.481
110063_4,77316,83087,0.482,160403,0.482
110063_5,77248,83002,0.482,160250,0.482
110063_6,77472,82307,0.485,159779,0.485
110063_7,77464,82288,0.485,159752,0.485
110063_8,78491,81448,0.491,159939,0.491
110083_0,111040,49762,0.691,160802,0.691
110083_1,106321,53608,0.665,159929,0.665
110083_2,110275,49171,0.692,159446,0.692
110083_3,111823,47682,0.701,159505,0.701
110083_4,107579,51891,0.675,159470,0.675
110083_5,112163,48520,0.698,160683,0.698
110083_6,110779,49340,0.692,160119,0.692
110083_7,106986,53349,0.667,160335,0.667
110083_8,110190,50081,0.688,160271,0.688
110084_0,104310,55941,0.651,160251,0.651
110084_1,104611,55231,0.654,159842,0.654
110084_2,103996,56239,0.649,160235,0.649
110084_3,102167,58761,0.635,160928,0.635
110084_4,103237,56956,0.644,160193,0.644
110084_5,101839,58117,0.637,159956,0.637
110084_6,101067,58550,0.633,159617,0.633
110084_7,102832,57427,0.642,160259,0.642
110084_8,101787,58212,0.636,159999,0.636
110085_0,85445,74313,0.535,159758,0.535
110085_1,83353,77149,0.519,160502,0.519
110085_2,83952,75939,0.525,159891,0.525
110085_3,83164,76308,0.521,159472,0.521
110085_4,81721,78467,0.51,160188,0.51
110085_5,82572,77829,0.515,160401,0.515
110085_6,82721,77406,0.517,160127,0.517
110085_7,80324,79397,0.503,159721,0.503
110085_8,81726,78153,0.511,159879,0.511
110086_0,57266,102030,0.359,159296,0.359
110086_1,58186,102311,0.363,160497,0.363
110086_2,58768,101641,0.366,160409,0.366
110086_3,58336,101507,0.365,159843,0.365
110086_4,58920,100208,0.37,159128,0.37
110086_5,59875,100267,0.374,160142,0.374
110086_6,60643,99309,0.379,159952,0.379
110086_7,61420,99366,0.382,160786,0.382
110086_8,61658,98276,0.386,159934,0.386
110087_0,70962,89619,0.442,160581,0.442
110087_1,72869,86917,0.456,159786,0.456
110087_2,71508,88279,0.448,159787,0.448
110087_3,70372,89895,0.439,160267,0.439
110087_4,72892,87569,0.454,160461,0.454
110087_5,71665,88557,0.447,160222,0.447
110087_6,71367,88914,0.445,160281,0.445
110087_7,73160,87503,0.455,160663,0.455
110087_8,72241,87065,0.453,159306,0.453
110088_0,84217,76073,0.525,160290,0.525
110088_1,85093,74668,0.533,159761,0.533
110088_2,83894,75569,0.526,159463,0.526
110088_3,83021,76666,0.52,159687,0.52
110088_4,83996,75898,0.525,159894,0.525
110088_5,84781,76169,0.527,160950,0.527
110088_6,84475,75811,0.527,160286,0.527
110088_7,85913,74149,0.537,160062,0.537
110088_8,85661,74497,0.535,160158,0.535
110089_0,85862,74272,0.536,160134,0.536
110089_1,86076,73844,0.538,159920,0.538
110089_2,88409,72468,0.55,160877,0.55
110089_3,85651,74419,0.535,160070,0.535
110089_4,85964,74321,0.536,160285,0.536
110089_5,87617,72265,0.548,159882,0.548
110089_6,89985,70451,0.561,160436,0.561
110089_7,90512,69954,0.564,160466,0.564
110089_8,91587,68175,0.573,159762,0.573
110090_0,81319,79274,0.506,160593,0.506
110090_1,80265,80096,0.501,160361,0.501
110090_2,83038,76706,0.52,159744,0.52
110090_3,84506,76615,0.524,161121,0.524
110090_4,81744,78255,0.511,159999,0.511
110090_5,83551,75825,0.524,159376,0.524
110090_6,82822,77410,0.517,160232,0.517
110090_7,81375,79038,0.507,160413,0.507
110090_8,83322,77086,0.519,160408,0.519
110092_0,110654,49715,0.69,160369,0.69
110092_1,113282,46169,0.71,159451,0.71
110092_2,107348,52491,0.672,159839,0.672
110092_3,103247,56252,0.647,159499,0.647
110092_4,105957,54546,0.66,160503,0.66
110092_5,101217,58970,0.632,160187,0.632
110092_6,101936,58575,0.635,160511,0.635
110092_7,103309,56093,0.648,159402,0.648
110092_8,99501,60301,0.623,159802,0.623
110093_0,67732,91813,0.425,159545,0.425
110093_1,68230,91951,0.426,160181,0.426
110093_2,67727,91778,0.425,159505,0.425
110093_3,67364,93035,0.42,160399,0.42
110093_4,67435,92714,0.421,160149,0.421
110093_5,68601,91462,0.429,160063,0.429
110093_6,68254,92017,0.426,160271,0.426
110093_7,69074,90705,0.432,159779,0.432
110093_8,70105,91036,0.435,161141,0.435
110094_0,55811,104277,0.349,160088,0.349
110094_1,57807,102694,0.36,160501,0.36
110094_2,56536,104548,0.351,161084,0.351
110094_3,55159,104898,0.345,160057,0.345
110094_4,57356,103422,0.357,160778,0.357
110094_5,55580,104735,0.347,160315,0.347
110094_6,56498,103607,0.353,160105,0.353
110094_7,58620,102061,0.365,160681,0.365
110094_8,56532,103371,0.354,159903,0.354
110096_0,85252,74668,0.533,159920,0.533
110096_1,86528,73809,0.54,160337,0.54
110096_2,87473,72894,0.545,160367,0.545
110096_3,88228,72239,0.55,160467,0.55
110096_4,87119,73224,0.543,160343,0.543
110096_5,86648,73351,0.542,159999,0.542
110096_6,86160,74046,0.538,160206,0.538
110096_7,85244,75052,0.532,160296,0.532
110096_8,83873,74936,0.528,158809,0.528
110097_0,59883,99983,0.375,159866,0.375
110097_1,60135,99818,0.376,159953,0.376
110097_2,61677,98170,0.386,159847,0.386
110097_3,62464,97681,0.39,160145,0.39
110097_4,62492,98131,0.389,160623,0.389
110097_5,64775,96102,0.403,160877,0.403
110097_6,64692,95772,0.403,160464,0.403
110097_7,64006,96282,0.399,160288,0.399
110097_8,66164,93621,0.414,159785,0.414
110098_0,100321,59358,0.628,159679,0.628
110098_1,96367,63654,0.602,160021,0.602
110098_2,96068,64457,0.598,160525,0.598
110098_3,94933,65459,0.592,160392,0.592
110098_4,91525,68585,0.572,160110,0.572
110098_5,91356,68278,0.572,159634,0.572
110098_6,90071,69819,0.563,159890,0.563
110098_7,87564,72328,0.548,159892,0.548
110098_8,88363,71446,0.553,159809,0.553
