hero_id,win_count,loss_count,win_loss_ratio,battle_count,win_prob
115001_0,75222,76993,0.494,152215,0.494
115001_1,75026,77982,0.49,153008,0.49
115001_2,74096,78139,0.487,152235,0.487
115001_3,73240,79212,0.48,152452,0.48
115001_4,72710,79824,0.477,152534,0.477
115001_5,72206,79716,0.475,151922,0.475
115001_6,71929,79832,0.474,151761,0.474
115001_7,72027,80574,0.472,152601,0.472
115001_8,72201,80178,0.474,152379,0.474
115002_0,94877,57267,0.624,152144,0.624
115002_1,95103,56377,0.628,151480,0.628
115002_2,95201,56736,0.627,151937,0.627
115002_3,93400,58857,0.613,152257,0.613
115002_4,93488,59166,0.612,152654,0.612
115002_5,92966,59191,0.611,152157,0.611
115002_6,94958,58014,0.621,152972,0.621
115002_7,94473,57935,0.62,152408,0.62
115002_8,94492,57772,0.621,152264,0.621
115008_0,65677,86086,0.433,151763,0.433
115008_1,65965,86397,0.433,152362,0.433
115008_2,69021,83786,0.452,152807,0.452
115008_3,70285,81907,0.462,152192,0.462
115008_4,69191,83491,0.453,152682,0.453
115008_5,70931,81142,0.466,152073,0.466
115008_6,71355,81006,0.468,152361,0.468
115008_7,68889,82710,0.454,151599,0.454
115008_8,71728,81048,0.469,152776,0.469
115010_0,67219,84896,0.442,152115,0.442
115010_1,65688,87100,0.43,152788,0.43
115010_2,66069,86184,0.434,152253,0.434
115010_3,66584,85569,0.438,152153,0.438
115010_4,65119,87463,0.427,152582,0.427
115010_5,66207,85949,0.435,152156,0.435
115010_6,65970,85669,0.435,151639,0.435
115010_7,65636,86592,0.431,152228,0.431
115010_8,66759,86270,0.436,153029,0.436
115011_0,65626,86967,0.43,152593,0.43
115011_1,65337,86707,0.43,152044,0.43
115011_2,66149,85692,0.436,151841,0.436
115011_3,66418,85460,0.437,151878,0.437
115011_4,66038,85531,0.436,151569,0.436
115011_5,66793,84812,0.441,151605,0.441
115011_6,68525,83895,0.45,152420,0.45
115011_7,68205,84119,0.448,152324,0.448
115011_8,69040,83233,0.453,152273,0.453
115012_0,90075,62737,0.589,152812,0.589
115012_1,88058,64310,0.578,152368,0.578
115012_2,88615,63236,0.584,151851,0.584
115012_3,87826,64366,0.577,152192,0.577
115012_4,86609,66004,0.568,152613,0.568
115012_5,87063,65273,0.572,152336,0.572
115012_6,87435,64393,0.576,151828,0.576
115012_7,86664,66030,0.568,152694,0.568
115012_8,86966,65563,0.57,152529,0.57
115013_0,82788,69385,0.544,152173,0.544
115013_1,81679,69763,0.539,151442,0.539
115013_2,82333,69897,0.541,152230,0.541
115013_3,78473,73248,0.517,151721,0.517
115013_4,78770,73861,0.516,152631,0.516
115013_5,79651,73008,0.522,152659,0.522
115013_6,79201,73336,0.519,152537,0.519
115013_7,78823,73310,0.518,152133,0.518
115013_8,80100,72776,0.524,152876,0.524
115018_0,66723,84941,0.44,151664,0.44
115018_1,65250,86171,0.431,151421,0.431
115018_2,65849,86812,0.431,152661,0.431
115018_3,64845,87728,0.425,152573,0.425
115018_4,63428,88539,0.417,151967,0.417
115018_5,64924,87331,0.426,152255,0.426
115018_6,65731,86890,0.431,152621,0.431
115018_7,65313,87398,0.428,152711,0.428
115018_8,65437,85413,0.434,150850,0.434
115019_0,60445,92106,0.396,152551,0.396
115019_1,62666,89533,0.412,152199,0.412
115019_2,63762,88524,0.419,152286,0.419
115019_3,63794,88676,0.418,152470,0.418
115019_4,64331,88011,0.422,152342,0.422
115019_5,64506,88307,0.422,152813,0.422
115019_6,63592,88376,0.418,151968,0.418
115019_7,64189,88341,0.421,152530,0.421
115019_8,64101,88237,0.421,152338,0.421
115020_0,82917,69006,0.546,151923,0.546
115020_1,81109,71466,0.532,152575,0.532
115020_2,83604,68413,0.55,152017,0.55
115020_3,80697,71402,0.531,152099,0.531
115020_4,79190,72921,0.521,152111,0.521
115020_5,83257,69367,0.546,152624,0.546
115020_6,80494,70860,0.532,151354,0.532
115020_7,80109,72869,0.524,152978,0.524
115020_8,83222,68905,0.547,152127,0.547
115021_0,66683,85328,0.439,152011,0.439
115021_1,65355,87363,0.428,152718,0.428
115021_2,65571,86105,0.432,151676,0.432
115021_3,66594,85783,0.437,152377,0.437
115021_4,65411,87080,0.429,152491,0.429
115021_5,66810,84859,0.44,151669,0.44
115021_6,66932,85254,0.44,152186,0.44
115021_7,65888,86347,0.433,152235,0.433
115021_8,67599,85022,0.443,152621,0.443
115023_0,55825,96498,0.366,152323,0.366
115023_1,57278,95193,0.376,152471,0.376
115023_2,57734,95118,0.378,152852,0.378
115023_3,56016,96002,0.368,152018,0.368
115023_4,57690,95185,0.377,152875,0.377
115023_5,57953,95018,0.379,152971,0.379
115023_6,59166,93202,0.388,152368,0.388
115023_7,59697,92452,0.392,152149,0.392
115023_8,59665,91832,0.394,151497,0.394
115024_0,62027,90385,0.407,152412,0.407
115024_1,62230,89980,0.409,152210,0.409
115024_2,62455,89708,0.41,152163,0.41
115024_3,61416,91024,0.403,152440,0.403
115024_4,62197,90166,0.408,152363,0.408
115024_5,62570,89335,0.412,151905,0.412
115024_6,63164,89258,0.414,152422,0.414
115024_7,63915,88208,0.42,152123,0.42
115024_8,64541,87723,0.424,152264,0.424
115025_0,83132,69064,0.546,152196,0.546
115025_1,82176,69909,0.54,152085,0.54
115025_2,85469,67083,0.56,152552,0.56
115025_3,86608,66149,0.567,152757,0.567
115025_4,84073,67686,0.554,151759,0.554
115025_5,86191,66050,0.566,152241,0.566
115025_6,86073,66246,0.565,152319,0.565
115025_7,83279,68957,0.547,152236,0.547
115025_8,85530,66661,0.562,152191,0.562
115026_0,83972,68258,0.552,152230,0.552
115026_1,83607,68929,0.548,152536,0.548
115026_2,84114,67847,0.554,151961,0.554
115026_3,83261,69164,0.546,152425,0.546
115026_4,82456,69030,0.544,151486,0.544
115026_5,82843,68699,0.547,151542,0.547
115026_6,83530,69353,0.546,152883,0.546
115026_7,82917,69316,0.545,152233,0.545
115026_8,83505,68768,0.548,152273,0.548
115027_0,63602,89262,0.416,152864,0.416
115027_1,64721,87576,0.425,152297,0.425
115027_2,64847,88393,0.423,153240,0.423
115027_3,63792,88537,0.419,152329,0.419
115027_4,65274,87474,0.427,152748,0.427
115027_5,65057,86679,0.429,151736,0.429
115027_6,66380,86285,0.435,152665,0.435
115027_7,67330,84515,0.443,151845,0.443
115027_8,67410,85035,0.442,152445,0.442
115031_0,66162,85785,0.435,151947,0.435
115031_1,68133,84322,0.447,152455,0.447
115031_2,65435,86428,0.431,151863,0.431
115031_3,64570,87845,0.424,152415,0.424
115031_4,66015,86641,0.432,152656,0.432
115031_5,64494,88304,0.422,152798,0.422
115031_6,65956,86763,0.432,152719,0.432
115031_7,66577,85395,0.438,151972,0.438
115031_8,66345,85661,0.436,152006,0.436
115032_0,64515,87869,0.423,152384,0.423
115032_1,65682,86800,0.431,152482,0.431
115032_2,63574,88503,0.418,152077,0.418
115032_3,61806,90989,0.405,152795,0.405
115032_4,62954,89491,0.413,152445,0.413
115032_5,61592,90619,0.405,152211,0.405
115032_6,61652,90691,0.405,152343,0.405
115032_7,63654,89283,0.416,152937,0.416
115032_8,62654,89980,0.41,152634,0.41
115033_0,96059,55960,0.632,152019,0.632
115033_1,92042,60498,0.603,152540,0.603
115033_2,96524,56095,0.632,152619,0.632
115033_3,96285,55949,0.632,152234,0.632
115033_4,92659,59940,0.607,152599,0.607
115033_5,96918,55098,0.638,152016,0.638
115033_6,95952,56156,0.631,152108,0.631
115033_7,93162,59304,0.611,152466,0.611
115033_8,97457,55215,0.638,152672,0.638
115034_0,60789,90979,0.401,151768,0.401
115034_1,60224,91833,0.396,152057,0.396
115034_2,62660,90234,0.41,152894,0.41
115034_3,64712,88254,0.423,152966,0.423
115034_4,63671,89562,0.416,153233,0.416
115034_5,65273,86997,0.429,152270,0.429
115034_6,66412,85907,0.436,152319,0.436
115034_7,65102,87489,0.427,152591,0.427
115034_8,67583,85104,0.443,152687,0.443
115035_0,59445,92717,0.391,152162,0.391
115035_1,59080,93461,0.387,152541,0.387
115035_2,60314,92098,0.396,152412,0.396
115035_3,61925,90311,0.407,152236,0.407
115035_4,61087,90908,0.402,151995,0.402
115035_5,62736,89396,0.412,152132,0.412
115035_6,63685,88229,0.419,151914,0.419
115035_7,62748,89265,0.413,152013,0.413
115035_8,64583,88350,0.422,152933,0.422
115036_0,60823,91564,0.399,152387,0.399
115036_1,60294,92362,0.395,152656,0.395
115036_2,61187,91208,0.402,152395,0.402
115036_3,61056,91250,0.401,152306,0.401
115036_4,60776,91710,0.399,152486,0.399
115036_5,62883,89918,0.412,152801,0.412
115036_6,63213,89472,0.414,152685,0.414
115036_7,62818,89481,0.412,152299,0.412
115036_8,64537,87689,0.424,152226,0.424
115038_0,78910,73435,0.518,152345,0.518
115038_1,77863,74609,0.511,152472,0.511
115038_2,79829,72416,0.524,152245,0.524
115038_3,81062,71532,0.531,152594,0.531
115038_4,78639,72938,0.519,151577,0.519
115038_5,81172,71000,0.533,152172,0.533
115038_6,81097,71289,0.532,152386,0.532
115038_7,79716,72843,0.523,152559,0.523
115038_8,80587,71393,0.53,151980,0.53
115039_0,88006,63698,0.58,151704,0.58
115039_1,98708,54150,0.646,152858,0.646
115039_2,83526,68840,0.548,152366,0.548
115039_3,80743,71066,0.532,151809,0.532
115039_4,90162,62451,0.591,152613,0.591
115039_5,76361,76079,0.501,152440,0.501
115039_6,78015,74476,0.512,152491,0.512
115039_7,86148,66252,0.565,152400,0.565
115039_8,74733,77274,0.492,152007,0.492
115040_0,78297,73979,0.514,152276,0.514
115040_1,77297,75470,0.506,152767,0.506
115040_2,78866,73823,0.517,152689,0.517
115040_3,77372,74586,0.509,151958,0.509
115040_4,76432,75760,0.502,152192,0.502
115040_5,78286,73534,0.516,151820,0.516
115040_6,76495,75936,0.502,152431,0.502
115040_7,75607,76941,0.496,152548,0.496
115040_8,77209,74861,0.508,152070,0.508
115041_0,64313,88468,0.421,152781,0.421
115041_1,66411,85823,0.436,152234,0.436
115041_2,64272,88286,0.421,152558,0.421
115041_3,62837,88950,0.414,151787,0.414
115041_4,65290,86621,0.43,151911,0.43
115041_5,63825,87692,0.421,151517,0.421
115041_6,65250,86260,0.431,151510,0.431
115041_7,67606,85235,0.442,152841,0.442
115041_8,66997,85324,0.44,152321,0.44
115042_0,91435,60877,0.6,152312,0.6
115042_1,95410,56735,0.627,152145,0.627
115042_2,89664,61839,0.592,151503,0.592
115042_3,88215,64741,0.577,152956,0.577
115042_4,91467,60506,0.602,151973,0.602
115042_5,86210,65911,0.567,152121,0.567
115042_6,87047,64939,0.573,151986,0.573
115042_7,90769,61371,0.597,152140,0.597
115042_8,85694,66851,0.562,152545,0.562
115043_0,65007,87498,0.426,152505,0.426
115043_1,67694,84513,0.445,152207,0.445
115043_2,65395,86792,0.43,152187,0.43
115043_3,64309,87026,0.425,151335,0.425
115043_4,66491,84965,0.439,151456,0.439
115043_5,65519,86687,0.43,152206,0.43
115043_6,66670,86030,0.437,152700,0.437
115043_7,68659,83691,0.451,152350,0.451
115043_8,66931,85474,0.439,152405,0.439
115044_0,84667,67652,0.556,152319,0.556
115044_1,83450,69098,0.547,152548,0.547
115044_2,85817,65950,0.565,151767,0.565
115044_3,87916,64043,0.579,151959,0.579
115044_4,86065,66280,0.565,152345,0.565
115044_5,88028,64287,0.578,152315,0.578
115044_6,88764,63504,0.583,152268,0.583
115044_7,87249,65157,0.572,152406,0.572
115044_8,88636,63542,0.582,152178,0.582
115045_0,81371,71467,0.532,152838,0.532
115045_1,78346,74630,0.512,152976,0.512
115045_2,80031,71833,0.527,151864,0.527
115045_3,79264,72877,0.521,152141,0.521
115045_4,77579,74887,0.509,152466,0.509
115045_5,80780,71873,0.529,152653,0.529
115045_6,79535,73282,0.52,152817,0.52
115045_7,77562,74806,0.509,152368,0.509
115045_8,80948,70975,0.533,151923,0.533
115046_0,70482,82160,0.462,152642,0.462
115046_1,68707,84237,0.449,152944,0.449
115046_2,71513,81025,0.469,152538,0.469
115046_3,70202,82073,0.461,152275,0.461
115046_4,69478,83253,0.455,152731,0.455
115046_5,72241,80195,0.474,152436,0.474
115046_6,72242,79108,0.477,151350,0.477
115046_7,71492,80693,0.47,152185,0.47
115046_8,74478,77498,0.49,151976,0.49
115049_0,73888,78241,0.486,152129,0.486
115049_1,76007,76605,0.498,152612,0.498
115049_2,77173,75094,0.507,152267,0.507
115049_3,77416,74456,0.51,151872,0.51
115049_4,77868,74634,0.511,152502,0.511
115049_5,78686,73852,0.516,152538,0.516
115049_6,77830,73945,0.513,151775,0.513
115049_7,78858,73816,0.517,152674,0.517
115049_8,79046,72485,0.522,151531,0.522
115051_0,78920,73127,0.519,152047,0.519
115051_1,77628,74214,0.511,151842,0.511
115051_2,80760,71116,0.532,151876,0.532
115051_3,78978,73587,0.518,152565,0.518
115051_4,79029,73668,0.518,152697,0.518
115051_5,80565,71765,0.529,152330,0.529
115051_6,79658,72247,0.524,151905,0.524
115051_7,78861,73508,0.518,152369,0.518
115051_8,79947,72322,0.525,152269,0.525
115060_0,103634,48409,0.682,152043,0.682
115060_1,102288,49435,0.674,151723,0.674
115060_2,105487,46666,0.693,152153,0.693
115060_3,104835,47431,0.688,152266,0.688
115060_4,102167,50034,0.671,152201,0.671
115060_5,104528,48242,0.684,152770,0.684
115060_6,103272,49769,0.675,153041,0.675
115060_7,100482,52234,0.658,152716,0.658
115060_8,101069,51494,0.662,152563,0.662
115061_0,102225,49974,0.672,152199,0.672
115061_1,102594,49692,0.674,152286,0.674
115061_2,101921,49815,0.672,151736,0.672
115061_3,100489,51466,0.661,151955,0.661
115061_4,101399,50661,0.667,152060,0.667
115061_5,100281,51653,0.66,151934,0.66
115061_6,100340,51730,0.66,152070,0.66
115061_7,101479,51137,0.665,152616,0.665
115061_8,100130,52215,0.657,152345,0.657
115062_0,73972,77677,0.488,151649,0.488
115062_1,72722,79018,0.479,151740,0.479
115062_2,74902,77266,0.492,152168,0.492
115062_3,82533,68658,0.546,151191,0.546
115062_4,81142,70970,0.533,152112,0.533
115062_5,84519,67380,0.556,151899,0.556
115062_6,90319,61518,0.595,151837,0.595
115062_7,89120,62811,0.587,151931,0.587
115062_8,92703,59402,0.609,152105,0.609
115063_0,74365,78195,0.487,152560,0.487
115063_1,75234,76900,0.495,152134,0.495
115063_2,76329,75518,0.503,151847,0.503
115063_3,75401,77233,0.494,152634,0.494
115063_4,74825,76474,0.495,151299,0.495
115063_5,76291,75982,0.501,152273,0.501
115063_6,76271,75970,0.501,152241,0.501
115063_7,75515,76091,0.498,151606,0.498
115063_8,76612,75417,0.504,152029,0.504
115083_0,105220,47381,0.69,152601,0.69
115083_1,100678,51016,0.664,151694,0.664
115083_2,104874,46904,0.691,151778,0.691
115083_3,106959,44658,0.705,151617,0.705
115083_4,102979,49074,0.677,152053,0.677
115083_5,106551,45038,0.703,151589,0.703
115083_6,105347,46618,0.693,151965,0.693
115083_7,102702,50570,0.67,153272,0.67
115083_8,105439,47300,0.69,152739,0.69
115084_0,95711,56312,0.63,152023,0.63
115084_1,96986,55085,0.638,152071,0.638
115084_2,95082,57071,0.625,152153,0.625
115084_3,93212,59784,0.609,152996,0.609
115084_4,94502,57618,0.621,152120,0.621
115084_5,93069,59414,0.61,152483,0.61
115084_6,92489,59681,0.608,152170,0.608
115084_7,94588,58088,0.62,152676,0.62
115084_8,92541,59265,0.61,151806,0.61
115085_0,87295,65031,0.573,152326,0.573
115085_1,84085,67956,0.553,152041,0.553
115085_2,86067,65795,0.567,151862,0.567
115085_3,84945,67064,0.559,152009,0.559
115085_4,82775,69489,0.544,152264,0.544
115085_5,84411,68020,0.554,152431,0.554
115085_6,84986,67334,0.558,152320,0.558
115085_7,82388,69921,0.541,152309,0.541
115085_8,83456,68607,0.549,152063,0.549
115086_0,54598,98131,0.357,152729,0.357
115086_1,54879,97613,0.36,152492,0.36
115086_2,55680,97523,0.363,153203,0.363
115086_3,54753,96456,0.362,151209,0.362
115086_4,55411,96967,0.364,152378,0.364
115086_5,56705,95692,0.372,152397,0.372
115086_6,56407,96100,0.37,152507,0.37
115086_7,56918,94641,0.376,151559,0.376
115086_8,57898,94021,0.381,151919,0.381
115087_0,66263,86431,0.434,152694,0.434
115087_1,67226,84863,0.442,152089,0.442
115087_2,66551,86319,0.435,152870,0.435
115087_3,65827,87539,0.429,153366,0.429
115087_4,66784,85614,0.438,152398,0.438
115087_5,66357,85645,0.437,152002,0.437
115087_6,66114,86455,0.433,152569,0.433
115087_7,67823,84785,0.444,152608,0.444
115087_8,68127,84633,0.446,152760,0.446
115088_0,74420,78131,0.488,152551,0.488
115088_1,74646,77080,0.492,151726,0.492
115088_2,74734,78270,0.488,153004,0.488
115088_3,73295,78906,0.482,152201,0.482
115088_4,74205,77797,0.488,152002,0.488
115088_5,73944,78093,0.486,152037,0.486
115088_6,74700,77043,0.492,151743,0.492
115088_7,75838,76675,0.497,152513,0.497
115088_8,76154,76424,0.499,152578,0.499
115089_0,83408,69269,0.546,152677,0.546
115089_1,83601,68373,0.55,151974,0.55
115089_2,83704,68825,0.549,152529,0.549
115089_3,81658,70403,0.537,152061,0.537
115089_4,82596,69572,0.543,152168,0.543
115089_5,83413,69410,0.546,152823,0.546
115089_6,84633,68138,0.554,152771,0.554
115089_7,85867,66654,0.563,152521,0.563
115089_8,85853,66182,0.565,152035,0.565
115090_0,75484,77270,0.494,152754,0.494
115090_1,75068,76940,0.494,152008,0.494
115090_2,77853,74716,0.51,152569,0.51
115090_3,78787,73150,0.519,151937,0.519
115090_4,77298,75152,0.507,152450,0.507
115090_5,79706,72214,0.525,151920,0.525
115090_6,78559,73491,0.517,152050,0.517
115090_7,76975,75474,0.505,152449,0.505
115090_8,78347,73725,0.515,152072,0.515
115092_0,101025,51054,0.664,152079,0.664
115092_1,104175,47554,0.687,151729,0.687
115092_2,99119,53224,0.651,152343,0.651
115092_3,95101,57295,0.624,152396,0.624
115092_4,97967,54094,0.644,152061,0.644
115092_5,93159,58562,0.614,151721,0.614
115092_6,94422,58348,0.618,152770,0.618
115092_7,96482,55959,0.633,152441,0.633
115092_8,92296,59850,0.607,152146,0.607
115093_0,62558,89697,0.411,152255,0.411
115093_1,62499,90405,0.409,152904,0.409
115093_2,61986,90250,0.407,152236,0.407
115093_3,61525,90696,0.404,152221,0.404
115093_4,62202,89710,0.409,151912,0.409
115093_5,62563,89700,0.411,152263,0.411
115093_6,62293,89274,0.411,151567,0.411
115093_7,63194,88966,0.415,152160,0.415
115093_8,63564,88649,0.418,152213,0.418
115094_0,54526,97616,0.358,152142,0.358
115094_1,56362,95733,0.371,152095,0.371
115094_2,54991,97371,0.361,152362,0.361
115094_3,53540,97882,0.354,151422,0.354
115094_4,55285,96719,0.364,152004,0.364
115094_5,54621,97711,0.359,152332,0.359
115094_6,54956,96867,0.362,151823,0.362
115094_7,56219,96240,0.369,152459,0.369
115094_8,54868,97444,0.36,152312,0.36
115096_0,79499,72579,0.523,152078,0.523
115096_1,80853,71305,0.531,152158,0.531
115096_2,82133,70313,0.539,152446,0.539
115096_3,83446,69516,0.546,152962,0.546
115096_4,81626,70399,0.537,152025,0.537
115096_5,81738,70822,0.536,152560,0.536
115096_6,81437,71261,0.533,152698,0.533
115096_7,80168,71801,0.528,151969,0.528
115096_8,79860,72654,0.524,152514,0.524
115097_0,57732,94066,0.38,151798,0.38
115097_1,57472,94784,0.377,152256,0.377
115097_2,59459,93466,0.389,152925,0.389
115097_3,60006,92607,0.393,152613,0.393
115097_4,59913,92570,0.393,152483,0.393
115097_5,61767,90659,0.405,152426,0.405
115097_6,60883,91890,0.399,152773,0.399
115097_7,60616,90818,0.4,151434,0.4
115097_8,62666,89349,0.412,152015,0.412
115098_0,91613,60653,0.602,152266,0.602
115098_1,88375,64403,0.578,152778,0.578
115098_2,87914,64392,0.577,152306,0.577
115098_3,87315,65659,0.571,152974,0.571
115098_4,84081,68271,0.552,152352,0.552
115098_5,84872,67793,0.556,152665,0.556
115098_6,83295,68487,0.549,151782,0.549
115098_7,81259,70783,0.534,152042,0.534
115098_8,82616,70446,0.54,153062,0.54
