hero_id,win_count,loss_count,win_loss_ratio,battle_count,win_prob
107001_0,193331,173680,0.527,367011,0.527
107001_1,267715,444146,0.376,711861,0.376
107001_2,99033,58654,0.628,157687,0.628
107001_4,39619,18808,0.678,58427,0.678
107001_5,680,106,0.865,786,0.865
107002_0,62,6,0.912,68,0.912
107002_2,540366,551176,0.495,1091542,0.495
107002_3,1048,206,0.836,1254,0.836
107002_6,146606,57370,0.719,203976,0.719
107008_3,3376,2179,0.608,5555,0.608
107008_5,23386,15955,0.594,39341,0.594
107008_6,252854,208342,0.548,461196,0.548
107008_7,256,131,0.661,387,0.661
107008_8,376544,411786,0.478,788330,0.478
107010_0,366619,469606,0.438,836225,0.438
107010_2,756,540,0.583,1296,0.583
107010_3,191796,179900,0.516,371696,0.516
107010_5,287,129,0.69,416,0.69
107010_6,52283,34469,0.603,86752,0.603
107011_3,1176,1116,0.513,2292,0.513
107011_5,51176,46209,0.526,97385,0.526
107011_6,298067,338146,0.469,636213,0.469
107011_7,12564,10406,0.547,22970,0.547
107011_8,225276,310702,0.42,535978,0.42
107012_0,424566,516262,0.451,940828,0.451
107012_1,26353,21097,0.555,47450,0.555
107012_2,144379,120764,0.545,265143,0.545
107012_3,28339,11578,0.71,39917,0.71
107012_6,3573,856,0.807,4429,0.807
107013_0,270761,146192,0.649,416953,0.649
107013_1,312269,478237,0.395,790506,0.395
107013_2,63793,16577,0.794,80370,0.794
107013_3,260,24,0.915,284,0.915
107013_5,7792,783,0.909,8575,0.909
107018_0,329453,434519,0.431,763972,0.431
107018_1,90737,153932,0.371,244669,0.371
107018_2,102719,91534,0.529,194253,0.529
107018_3,50166,30716,0.62,80882,0.62
107018_6,7733,3600,0.682,11333,0.682
107019_2,388,935,0.293,1323,0.293
107019_4,99896,143050,0.411,242946,0.411
107019_5,310884,486634,0.39,797518,0.39
107019_7,2531,4100,0.382,6631,0.382
107019_8,107737,139594,0.436,247331,0.436
107020_0,14412,6082,0.703,20494,0.703
107020_1,1037,421,0.711,1458,0.711
107020_2,239471,200111,0.545,439582,0.545
107020_5,76570,37735,0.67,114305,0.67
107020_8,349022,372184,0.484,721206,0.484
107021_5,174,72,0.707,246,0.707
107021_6,172664,103321,0.626,275985,0.626
107021_8,539447,481076,0.529,1020523,0.529
107023_1,20061,40569,0.331,60630,0.331
107023_2,10079,15130,0.4,25209,0.4
107023_6,99281,172094,0.366,271375,0.366
107023_7,251689,337887,0.427,589576,0.427
107023_8,136252,214219,0.389,350471,0.389
107024_1,717,1901,0.274,2618,0.274
107024_4,34627,96330,0.264,130957,0.264
107024_6,118180,220850,0.349,339030,0.349
107024_7,228129,316463,0.419,544592,0.419
107024_8,123299,155975,0.441,279274,0.441
107025_2,3419,1649,0.675,5068,0.675
107025_3,658162,539156,0.55,1197318,0.55
107025_5,53268,39377,0.575,92645,0.575
107025_6,567,100,0.85,667,0.85
107026_0,496960,525750,0.486,1022710,0.486
107026_1,67428,53878,0.556,121306,0.556
107026_2,95153,37449,0.718,132602,0.718
107026_3,14867,2336,0.864,17203,0.864
107026_4,1246,156,0.889,1402,0.889
107027_6,43,6,0.878,49,0.878
107027_7,65522,33089,0.664,98611,0.664
107027_8,671013,524710,0.561,1195723,0.561
107031_0,30969,62558,0.331,93527,0.331
107031_1,4825,9943,0.327,14768,0.327
107031_6,101799,201036,0.336,302835,0.336
107031_7,254164,316581,0.445,570745,0.445
107031_8,129680,183395,0.414,313075,0.414
107032_0,160494,226034,0.415,386528,0.415
107032_1,185275,369541,0.334,554816,0.334
107032_2,25946,29668,0.467,55614,0.467
107032_7,126628,134453,0.485,261081,0.485
107032_8,17605,19977,0.468,37582,0.468
107033_2,38,12,0.76,50,0.76
107033_3,415,270,0.606,685,0.606
107033_5,199451,135045,0.596,334496,0.596
107033_6,14327,8104,0.639,22431,0.639
107033_8,458865,479623,0.489,938488,0.489
107034_3,8075,26422,0.234,34497,0.234
107034_5,48168,140409,0.255,188577,0.255
107034_6,299782,468324,0.39,768106,0.39
107034_7,61715,73788,0.455,135503,0.455
107034_8,81674,87273,0.483,168947,0.483
107035_3,2899,5003,0.367,7902,0.367
107035_5,20772,36458,0.363,57230,0.363
107035_6,454407,633638,0.418,1088045,0.418
107035_7,59480,64654,0.479,124134,0.479
107035_8,10459,9245,0.531,19704,0.531
107036_3,59,14,0.808,73,0.808
107036_5,541,285,0.655,826,0.655
107036_6,247060,168034,0.595,415094,0.595
107036_7,13060,5449,0.706,18509,0.706
107036_8,429305,431910,0.498,861215,0.498
107038_0,9928,6450,0.606,16378,0.606
107038_2,1755,771,0.695,2526,0.695
107038_3,68137,42005,0.619,110142,0.619
107038_5,613620,554614,0.525,1168234,0.525
107038_6,141,22,0.865,163,0.865
107039_0,212454,109387,0.66,321841,0.66
107039_1,498874,438464,0.532,937338,0.532
107039_4,27512,8604,0.762,36116,0.762
107039_7,757,111,0.872,868,0.872
107040_2,753833,439347,0.632,1193180,0.632
107040_5,85808,17282,0.832,103090,0.832
107041_1,212582,412194,0.34,624776,0.34
107041_4,34136,44122,0.436,78258,0.436
107041_6,1971,1612,0.55,3583,0.55
107041_7,251969,274544,0.479,526513,0.479
107041_8,32537,32837,0.498,65374,0.498
107042_1,680042,425134,0.615,1105176,0.615
107042_4,147963,42637,0.776,190600,0.776
107043_1,26327,44552,0.371,70879,0.371
107043_4,21881,23971,0.477,45852,0.477
107043_6,720,377,0.656,1097,0.656
107043_7,524920,653065,0.446,1177985,0.446
107044_3,709910,588285,0.547,1298195,0.547
107044_6,250,15,0.943,265,0.943
107045_1,50950,113907,0.309,164857,0.309
107045_5,6274,7192,0.466,13466,0.466
107045_6,50593,68056,0.426,118649,0.426
107045_7,265604,342216,0.437,607820,0.437
107045_8,162377,228508,0.415,390885,0.415
107046_2,224,112,0.667,336,0.667
107046_5,33297,27309,0.549,60606,0.549
107046_6,289969,273335,0.515,563304,0.515
107046_7,8558,5836,0.595,14394,0.595
107046_8,281003,376367,0.427,657370,0.427
107049_4,318890,371991,0.462,690881,0.462
107049_5,172,75,0.696,247,0.696
107049_7,4581,2926,0.61,7507,0.61
107049_8,260886,338263,0.435,599149,0.435
107051_0,821,144,0.851,965,0.851
107051_2,498409,506387,0.496,1004796,0.496
107051_5,158658,92563,0.632,251221,0.632
107051_6,9733,2174,0.817,11907,0.817
107051_8,21582,7733,0.736,29315,0.736
107060_2,896281,393264,0.695,1289545,0.695
107060_3,5099,314,0.942,5413,0.942
107061_1,802010,396003,0.669,1198013,0.669
107061_2,85045,12630,0.871,97675,0.871
107062_8,798036,497917,0.616,1295953,0.616
107063_2,373164,495085,0.43,868249,0.43
107063_3,3085,1050,0.746,4135,0.746
107063_5,14173,7960,0.64,22133,0.64
107063_6,228242,165086,0.58,393328,0.58
107063_8,5539,1882,0.746,7421,0.746
107083_3,699,74,0.904,773,0.904
107083_5,717017,574148,0.555,1291165,0.555
107083_8,4284,640,0.87,4924,0.87
107084_1,921070,375929,0.71,1296999,0.71
107085_0,553033,559574,0.497,1112607,0.497
107085_2,12537,4189,0.75,16726,0.75
107085_3,116414,49299,0.703,165713,0.703
107085_5,1277,148,0.896,1425,0.896
107085_6,37,6,0.86,43,0.86
107086_4,5065,17357,0.226,22422,0.226
107086_5,46069,92074,0.333,138143,0.333
107086_6,134637,238566,0.361,373203,0.361
107086_7,219098,324597,0.403,543695,0.403
107086_8,101757,117721,0.464,219478,0.464
107087_1,28860,42692,0.403,71552,0.403
107087_4,19447,16780,0.537,36227,0.537
107087_5,884,625,0.586,1509,0.586
107087_7,489533,597371,0.45,1086904,0.45
107087_8,40521,59081,0.407,99602,0.407
107088_4,2146,1554,0.58,3700,0.58
107088_6,8312,6037,0.579,14349,0.579
107088_7,587051,689082,0.46,1276133,0.46
107088_8,1686,453,0.788,2139,0.788
107089_6,4054,1837,0.688,5891,0.688
107089_7,114306,70610,0.618,184916,0.618
107089_8,593177,512514,0.536,1105691,0.536
107090_3,97521,95794,0.504,193315,0.504
107090_5,513398,541181,0.487,1054579,0.487
107090_6,9713,6235,0.609,15948,0.609
107090_7,568,396,0.589,964,0.589
107090_8,18207,13873,0.568,32080,0.568
107092_0,256950,116714,0.688,373664,0.688
107092_1,444207,418016,0.515,862223,0.515
107092_2,17,1,0.944,18,0.944
107092_7,47677,14253,0.77,61930,0.77
107093_1,29659,98525,0.231,128184,0.231
107093_4,15036,47413,0.241,62449,0.241
107093_6,128033,268528,0.323,396561,0.323
107093_7,226576,288638,0.44,515214,0.44
107093_8,92996,100475,0.481,193471,0.481
107094_0,4872,7422,0.396,12294,0.396
107094_1,142737,354422,0.287,497159,0.287
107094_2,696,470,0.597,1166,0.597
107094_4,116095,265182,0.304,381277,0.304
107094_7,170777,233613,0.422,404390,0.422
107095_2,9631,11762,0.45,21393,0.45
107095_4,2226,2132,0.511,4358,0.511
107095_6,55823,87454,0.39,143277,0.39
107095_7,299040,343056,0.466,642096,0.466
107095_8,204285,281669,0.42,485954,0.42
107096_2,56,2,0.966,58,0.966
107096_3,532872,557634,0.489,1090506,0.489
107096_4,102949,101296,0.504,204245,0.504
107096_5,797,189,0.808,986,0.808
107097_3,8935,36315,0.197,45250,0.197
107097_5,303672,499252,0.378,802924,0.378
107097_6,34572,71739,0.325,106311,0.325
107097_7,82887,111648,0.426,194535,0.426
107097_8,74387,73711,0.502,148098,0.502
107098_0,852348,442726,0.658,1295074,0.658
107100_0,202280,58295,0.776,260575,0.776
107100_1,576525,442728,0.566,1019253,0.566
107100_2,13253,1532,0.896,14785,0.896
107100_3,1351,163,0.892,1514,0.892
107100_4,3,2,0.6,5,0.6
107101_2,2323,2601,0.472,4924,0.472
107101_5,15814,19145,0.452,34959,0.452
107101_6,80640,121058,0.4,201698,0.4
107101_7,252207,367056,0.407,619263,0.407
107101_8,181235,254065,0.416,435300,0.416
