pos,108001, 108002, 108008, 108010, 108011, 108012, 108013, 108018, 108019, 108020, 108021, 108023, 108024, 108025, 108026, 108027, 108031, 108032, 108033, 108034, 108035, 108036, 108038, 108039, 108040, 108041, 108042, 108043, 108044, 108045, 108046, 108049, 108051, 108060, 108061, 108062, 108063, 108083, 108084, 108085, 108086, 108087, 108088, 108089, 108090, 108092, 108093, 108094, 108095, 108096, 108097, 108098, 108100, 108101
0,0.414,0.953,0.407,0.44,0.452,0.391,0.472,0.79,0.565,0.439,0.85,0.637,0.674,0.803,0.474,0.765,0.737,0.442,0.67,0.567,0.579
1,0.459,0.981,0.656,0.517,0.466,0.666,0.37,0.357,0.493,0.388,0.554,0.475,0.596,0.651,0.625,0.707,0.529,0.624,0.554,0.304,0.313,0.468,0.74,0.871
2,0.604,0.872,0.578,0.563,0.714,0.579,0.394,0.484,0.678,0.485,0.435,0.497,0.586,0.842,0.567,0.744,0.704,0.478,0.642,0.934,0.587,0.628,0.929,0.872,0.404,0.455,0.472,0.814,0.89,0.465
3,0.486,0.612,0.833,0.512,0.839,0.859,0.298,0.478,0.619,0.904,0.525,0.98,0.828,0.754,0.479,0.249,0.919,0.803
4,0.632,0.424,0.3,0.333,0.563,0.515,0.645,0.591,1.0,0.61,0.239,0.477,0.747,0.902,0.364,0.327,0.529,0.852
5,0.66,0.95,0.618,0.798,0.627,0.395,0.727,0.327,0.429,0.522,0.629,0.31,0.45,0.493,0.738,0.602,0.651,0.789,0.572,0.973,0.757,0.595,0.879,0.332,0.643,1.0,0.472,0.492,0.645,0.391,0.425
6,0.709,0.513,0.848,0.557,0.462,0.778,0.458,0.714,0.347,0.36,0.764,0.816,0.356,0.707,0.393,0.439,0.911,0.792,0.534,0.641,0.973,0.649,0.505,0.871,0.798,0.478,0.36,0.868,0.513,0.481,0.587,0.399,0.407
7,0.544,0.542,0.433,0.422,0.447,0.501,0.451,0.542,0.886,0.408,0.929,0.425,0.643,0.548,0.936,0.409,0.43,0.577,0.682,0.776,0.432,0.432,0.535,0.424,0.396
8,0.601,0.49,0.373,0.416,0.59,0.413,0.385,1.0,0.768,0.361,0.545,0.41,0.407,0.361,0.741,0.382,0.371,0.379,0.384,0.655,0.53,0.391,0.461,0.392,0.435,0.455,0.524,0.41,0.38,0.444,0.389
