pos,112001, 112002, 112008, 112010, 112011, 112012, 112013, 112018, 112019, 112020, 112021, 112023, 112024, 112025, 112026, 112027, 112031, 112032, 112033, 112034, 112035, 112036, 112038, 112039, 112040, 112041, 112042, 112043, 112044, 112045, 112046, 112049, 112051, 112060, 112061, 112062, 112063, 112083, 112084, 112085, 112086, 112087, 112088, 112089, 112090, 112092, 112093, 112094, 112095, 112096, 112097, 112098, 112100, 112101
0,0.435,0.968,0.431,0.503,0.647,0.4,0.609,0.778,0.419,0.441,0.543,0.937,0.689,0.556,0.766,0.871,0.755,0.476,0.617,0.779,0.35
1,0.442,0.674,0.7,0.613,0.403,0.341,0.343,0.498,0.316,0.545,0.456,0.564,0.599,0.834,0.343,0.574,0.643,0.231,0.476,0.626
2,0.616,0.536,0.616,0.495,0.411,0.47,0.238,0.353,0.912,0.582,0.472,0.782,0.792,0.838,0.66,0.637,0.468,0.677,0.764,0.477,0.881,0.534,0.883,0.858,0.779,0.377,0.433,0.447,0.778,0.781
3,0.686,0.529,0.562,0.82,0.709,0.512,0.809,0.41,0.283,0.707,0.737,0.882,0.646,0.677,0.45,0.478,0.233,0.908
4,0.287,0.599,0.428,0.827,0.592,0.74,0.565,0.931,0.151,0.503,0.36,0.27,0.64,0.952
5,0.799,0.838,0.458,0.575,0.894,0.396,0.577,0.286,0.358,0.679,0.487,0.688,0.399,0.295,0.474,0.561,0.792,0.64,0.547,0.541,0.534,0.93,0.723,0.759,0.276,0.551,0.938,0.468,0.373,0.851,0.353,0.371
6,0.921,0.728,0.497,0.449,0.917,0.614,0.74,0.316,0.33,0.747,0.713,0.423,0.449,0.403,0.527,0.476,0.706,0.531,0.727,0.461,0.585,0.599,0.772,0.787,0.338,0.765,0.825,0.593,0.491,0.391,0.336
7,1.0,0.487,0.456,0.421,0.425,0.809,0.794,0.526,0.522,0.489,0.459,0.859,0.414,1.0,0.417,0.95,0.538,0.696,0.397,0.418,0.556,0.626,0.414,0.424,0.443,0.387,0.388
8,0.75,0.547,0.53,0.391,0.789,0.423,0.312,0.667,0.421,0.427,0.767,0.661,0.475,0.47,0.698,0.384,0.441,0.676,0.545,1.0,0.374,0.923,0.413,0.394,0.411,0.609,0.56,0.418,0.47,0.379,0.443,0.461,0.628,0.409,0.478,0.397,0.424,0.43
