pos,110001, 110002, 110008, 110010, 110011, 110012, 110013, 110018, 110019, 110020, 110021, 110023, 110024, 110025, 110026, 110027, 110031, 110032, 110033, 110034, 110035, 110036, 110038, 110039, 110040, 110041, 110042, 110043, 110044, 110045, 110046, 110049, 110051, 110060, 110061, 110062, 110063, 110083, 110084, 110085, 110086, 110087, 110088, 110089, 110090, 110092, 110093, 110094, 110095, 110096, 110097, 110098, 110100, 110101
0,0.48,0.574,0.466,0.46,0.371,0.503,0.847,0.387,0.382,0.876,0.657,1.0,0.582,0.64,0.793,0.576,0.438,0.551,0.676,0.391
1,0.399,0.795,0.568,0.831,0.624,0.349,0.655,0.383,0.389,0.5,0.383,0.539,0.41,0.542,0.879,0.751,0.373,0.661,0.589,0.429,0.319,0.42,0.727,0.587
2,0.598,0.741,0.441,0.655,0.617,0.471,0.465,0.293,0.885,0.588,0.487,0.474,0.817,0.53,0.528,0.678,0.447,0.625,0.708,0.492,0.893,0.551,0.63,1.0,0.77,0.349,0.643,0.804,0.967
3,0.658,0.596,0.852,0.737,0.722,0.785,0.936,0.46,0.329,0.467,0.841,0.905,0.725,0.797,0.604,0.658,0.511,0.485,0.291,0.887
4,0.337,0.567,0.404,0.607,0.506,0.95,0.94,0.219,0.428,0.303,0.755,0.936,0.922
5,0.689,0.972,0.432,0.547,0.876,0.41,0.626,0.349,0.397,0.499,0.684,0.47,0.365,0.559,0.697,0.937,0.694,0.614,0.581,0.597,0.924,0.56,0.336,0.516,0.948,0.468,0.475,0.501,0.831,0.398,0.398
6,0.87,0.897,0.526,0.467,0.759,0.561,0.361,0.382,0.753,0.441,0.414,0.939,0.588,0.461,0.549,0.504,0.471,0.606,0.814,0.813,0.65,0.703,0.411,0.791,0.629,0.437,0.375,0.514,0.405,0.375
7,0.958,0.534,0.58,0.461,0.444,0.444,0.462,0.485,0.549,0.504,0.462,0.829,0.425,0.812,0.419,0.642,0.55,0.945,0.779,1.0,0.394,0.433,0.57,0.618,0.466,0.437,0.435,0.409,0.42
8,0.427,0.658,0.347,0.764,0.492,0.308,0.627,0.396,0.383,0.917,0.813,0.358,0.471,0.41,0.355,0.384,0.795,0.522,0.337,0.394,0.372,0.363,0.374,0.671,0.489,0.365,0.436,0.424,0.398,0.41,0.461,0.362,0.3,0.399,0.385
