pos,102001, 102002, 102008, 102010, 102011, 102012, 102013, 102018, 102019, 102020, 102021, 102023, 102024, 102025, 102026, 102027, 102031, 102032, 102033, 102034, 102035, 102036, 102038, 102039, 102040, 102041, 102042, 102043, 102044, 102045, 102046, 102049, 102051, 102060, 102061, 102062, 102063, 102083, 102084, 102085, 102086, 102087, 102088, 102089, 102090, 102092, 102093, 102094, 102095, 102096, 102097, 102098, 102100, 102101
0,0.597,0.48,0.495,0.427,0.876,0.452,0.387,0.433,0.289,0.448,0.889,0.671,0.933,0.644,0.48,0.495,0.924,0.635,0.452,0.902,0.366,0.677,0.667,0.635
1,0.402,0.815,0.448,0.833,0.486,0.349,0.554,0.291,0.424,0.275,0.374,0.383,0.484,0.382,0.655,0.64,0.379,0.527,0.772,0.706,0.391,0.702,0.641,0.332,0.596,0.359,0.304,0.431,0.385,0.761
2,0.64,0.632,0.707,0.603,0.474,0.671,0.419,0.44,0.28,0.536,0.475,0.555,0.773,0.66,0.801,0.47,0.644,0.508,0.856,0.475,0.797,0.426,0.34,0.602,0.686,0.259,0.902,0.334
3,0.556,0.309,0.718,0.29,0.741,0.799,0.539,0.437,0.677,0.577,0.198,0.402,0.522,0.616,0.739,1.0,0.612,0.594,0.942
4,0.754,0.36,0.338,0.722,0.309,0.89,0.498,0.855,0.499,0.663,0.526,0.714,0.277,0.418,0.413,0.716,0.692
5,0.353,0.948,0.373,0.761,0.807,0.474,0.572,0.491,0.541,0.385,0.955,0.285,0.469,0.422,0.938,0.557,0.562,0.477,0.619,0.806,0.731,0.757,0.402,0.532,0.44,0.316,0.407
6,0.746,0.426,0.44,0.701,0.512,0.43,0.375,0.451,0.418,0.348,0.391,0.449,0.491,0.758,0.833,0.905,0.491,0.454,0.619,0.451,0.588,0.664,0.401,0.368,0.408
7,0.741,0.848,0.243,0.393,0.56,0.538,0.438,0.409,0.466,0.431,0.506,0.388,0.516,0.578,0.502,0.828,0.472,0.534,0.559,0.473,0.68,0.88,0.417,0.89,0.513,0.453,0.707,0.443,0.401,0.469,0.411,0.421
8,0.742,0.463,0.476,0.673,0.549,0.445,0.459,0.448,0.459,0.533,0.447,0.514,0.49,0.5,0.439,0.448,0.556,0.827,0.466,0.456,0.973,0.653,0.469,0.463,0.47,0.52,0.461,0.947,0.478,0.441,0.469,0.457
