pos,111001, 111002, 111008, 111010, 111011, 111012, 111013, 111018, 111019, 111020, 111021, 111023, 111024, 111025, 111026, 111027, 111031, 111032, 111033, 111034, 111035, 111036, 111038, 111039, 111040, 111041, 111042, 111043, 111044, 111045, 111046, 111049, 111051, 111060, 111061, 111062, 111063, 111083, 111084, 111085, 111086, 111087, 111088, 111089, 111090, 111092, 111093, 111094, 111095, 111096, 111097, 111098, 111100, 111101
0,0.536,0.539,0.647,0.497,0.776,0.404,0.542,0.447,0.444,0.404,0.924,0.819,1.0,0.713,0.71,0.668,0.441,0.346,0.785,0.601,0.787
1,0.382,0.626,0.579,0.518,0.283,0.374,0.346,0.355,0.494,0.334,0.556,0.531,0.43,0.598,0.515,0.318,0.788,0.65,0.261,0.756,0.624
2,0.606,0.699,0.677,0.617,0.507,0.526,0.449,0.867,0.579,0.44,0.397,0.868,0.512,0.624,0.579,0.489,0.728,0.577,0.772,0.521,0.927,0.837,0.791,0.501,0.822,0.821,0.919,0.319
3,0.657,0.401,0.619,0.895,0.61,0.748,0.584,0.672,0.521,0.502,0.594,0.882,0.766,0.535,0.632,0.727,0.466,0.451,0.286,0.927
4,0.762,0.212,0.428,0.327,0.592,0.828,0.41,0.741,0.783,0.831,0.941,0.816,0.177,0.372,0.953,0.347,0.287,0.452
5,0.564,0.888,0.303,0.514,0.284,0.384,0.503,0.65,0.685,0.475,0.339,0.483,0.564,0.806,0.573,0.55,0.649,0.555,0.902,0.948,0.72,0.796,0.291,0.474,0.874,0.472,0.391,0.652,0.375,0.98,0.312
6,0.868,0.793,0.553,0.499,0.808,0.472,0.323,0.328,0.362,0.815,0.776,0.843,0.433,0.401,0.535,0.458,0.534,0.526,0.649,0.457,0.695,0.75,0.348,0.622,0.709,0.425,0.533,0.4,0.719,0.417,0.338
7,0.458,0.451,0.428,0.427,0.843,0.521,0.451,0.53,0.464,0.817,0.854,0.415,1.0,0.416,0.907,0.531,0.868,0.682,0.416,0.427,0.578,0.703,0.439,0.439,0.439,0.43,0.392
8,0.577,0.668,0.389,0.779,0.389,0.428,0.511,0.465,0.406,0.689,0.701,0.467,0.729,0.382,0.407,0.712,0.688,0.362,0.929,0.962,0.409,0.385,0.398,0.606,0.513,0.411,0.494,0.357,0.44,0.445,0.566,0.405,0.306,0.435,0.441
