pos,116001, 116002, 116008, 116010, 116011, 116012, 116013, 116018, 116019, 116020, 116021, 116023, 116024, 116025, 116026, 116027, 116031, 116032, 116033, 116034, 116035, 116036, 116038, 116039, 116040, 116041, 116042, 116043, 116044, 116045, 116046, 116049, 116051, 116060, 116061, 116062, 116063, 116083, 116084, 116085, 116086, 116087, 116088, 116089, 116090, 116092, 116093, 116094, 116095, 116096, 116097, 116098, 116100, 116101
0,0.421,0.652,0.423,0.548,0.502,0.401,0.725,0.747,0.742,0.479,0.441,0.773,0.875,0.457,0.919,0.755,0.518,0.614,0.799,0.326
1,0.537,0.501,0.607,0.606,0.51,0.614,0.344,0.346,0.488,0.28,0.582,0.29,0.625,0.581,0.289,0.379,0.655,0.196,0.242,0.385,0.611
2,0.519,0.809,0.729,0.637,0.431,0.534,0.205,0.313,1.0,0.493,0.602,0.496,0.653,0.67,0.528,0.7,0.729,0.822,0.481,0.907,0.637,0.666,0.347,0.559,0.649,0.838,0.292
3,0.737,0.623,0.427,0.403,0.859,0.839,0.881,0.543,0.412,0.312,0.778,0.56,0.944,0.741,0.716,0.685,0.849,0.501,0.486,0.214,0.945
4,0.421,0.574,0.598,0.37,0.7,0.378,0.694,0.924,0.122,0.365,0.393,0.828
5,0.834,0.51,0.56,0.349,0.831,0.39,0.802,0.559,0.246,0.34,0.748,0.668,0.664,0.591,0.382,0.343,0.492,0.57,0.708,0.623,0.516,0.514,0.475,0.616,0.249,0.424,0.618,0.475,0.343,0.944,0.379,0.979
6,0.913,0.594,0.587,0.395,0.95,0.54,0.659,0.304,0.336,0.81,0.845,0.555,0.424,0.405,0.563,0.709,0.561,0.407,0.762,0.465,0.667,0.575,0.635,0.935,0.307,0.575,0.622,0.319,0.51,0.394,0.387,0.334
7,0.704,0.446,0.574,0.447,0.408,0.486,0.573,0.665,0.508,0.475,0.703,0.755,0.851,0.422,0.44,0.612,0.578,0.707,0.867,0.404,0.423,0.424,0.59,0.411,0.456,0.46,0.354,0.902,0.399
8,0.468,0.671,0.421,0.913,0.446,0.47,0.837,0.488,0.409,0.469,0.474,0.497,0.414,0.435,0.474,0.678,1.0,0.456,0.553,0.528,0.567,0.439,0.467,0.863,0.63,0.477,0.513,0.448,0.846,0.517,0.589,0.485,0.431,0.468,0.458
