pos,101001, 101002, 101008, 101010, 101011, 101012, 101013, 101018, 101019, 101020, 101021, 101023, 101024, 101025, 101026, 101027, 101031, 101032, 101033, 101034, 101035, 101036, 101038, 101039, 101040, 101041, 101042, 101043, 101044, 101045, 101046, 101049, 101051, 101060, 101061, 101062, 101063, 101083, 101084, 101085, 101086, 101087, 101088, 101089, 101090, 101092, 101093, 101094, 101095, 101096, 101097, 101098, 101100, 101101
0,0.487,0.401,0.507,0.403,0.809,0.426,0.386,0.393,0.493,0.67,0.435,0.74,0.96,0.728,0.471,0.639,0.415,0.338,0.721,0.685
1,0.411,0.473,0.631,0.538,0.362,0.551,0.268,0.48,0.464,0.699,0.603,0.685,0.836,0.879,0.732,0.408,0.803,0.537,0.21,0.367,0.33,0.443,0.854
2,0.611,0.653,0.523,0.488,0.413,0.552,0.74,0.811,0.621,0.403,0.43,0.75,0.486,0.597,0.686,0.554,0.94,0.645,0.337,0.543,0.54,0.537,0.873,0.265,0.948,0.427
3,0.578,0.193,0.753,0.305,0.754,0.627,0.458,0.661,0.707,0.228,0.36,0.616,0.869,0.491,0.336,0.944,0.421,1.0,0.791,0.476,0.746,0.689
4,0.716,0.98,0.578,0.406,0.293,0.238,0.23,0.318,0.182,0.717,0.471,0.799,0.636,0.92,0.21,0.646,0.536,1.0,0.366,0.451,0.403,0.923,0.917
5,0.372,0.436,0.857,0.567,0.572,0.458,0.447,0.444,0.371,0.326,0.301,0.85,0.332,0.472,0.552,0.676,0.813,0.442,0.491,0.397,0.32,0.675,0.97,0.686,0.529,0.951,0.865,0.315,0.457,0.365,0.462
6,0.45,0.652,0.889,0.67,0.492,0.466,0.372,0.386,0.383,0.41,0.344,0.941,0.401,0.433,0.475,0.51,0.418,0.465,0.735,0.47,0.36,0.478,0.377,0.874,0.604,0.488,0.341,0.411
7,0.748,0.322,0.469,0.707,0.627,0.52,0.458,0.438,0.502,0.433,0.44,0.482,0.473,0.433,0.526,0.879,0.449,0.859,0.445,0.835,0.452,0.422,0.546,0.446,0.489,0.438,0.453,0.433,0.423
8,0.928,0.552,0.477,0.492,0.474,0.464,0.471,0.453,0.564,0.52,0.506,0.614,0.537,0.488,0.466,0.47,0.457,0.457,0.527,0.94,0.469,0.551,0.499,0.516,0.564,0.57,0.49,0.542,0.466
