pos,107001, 107002, 107008, 107010, 107011, 107012, 107013, 107018, 107019, 107020, 107021, 107023, 107024, 107025, 107026, 107027, 107031, 107032, 107033, 107034, 107035, 107036, 107038, 107039, 107040, 107041, 107042, 107043, 107044, 107045, 107046, 107049, 107051, 107060, 107061, 107062, 107063, 107083, 107084, 107085, 107086, 107087, 107088, 107089, 107090, 107092, 107093, 107094, 107095, 107096, 107097, 107098, 107100, 107101
0,0.527,0.912,0.438,0.451,0.649,0.431,0.703,0.486,0.331,0.415,0.606,0.66,0.851,0.497,0.688,0.396,0.658,0.776
1,0.376,0.555,0.395,0.371,0.711,0.331,0.274,0.556,0.327,0.334,0.532,0.34,0.615,0.371,0.309,0.669,0.71,0.403,0.515,0.231,0.287,0.566
2,0.628,0.495,0.583,0.545,0.794,0.529,0.293,0.545,0.4,0.675,0.718,0.467,0.76,0.695,0.632,0.667,0.496,0.695,0.871,0.43,0.75,0.944,0.597,0.45,0.966,0.896,0.472
3,0.836,0.608,0.516,0.513,0.71,0.915,0.62,0.55,0.864,0.606,0.234,0.367,0.808,0.619,0.547,0.942,0.746,0.904,0.703,0.504,0.489,0.197,0.892
4,0.678,0.411,0.264,0.889,0.762,0.436,0.776,0.477,0.462,0.226,0.537,0.58,0.241,0.304,0.511,0.504,0.6
5,0.865,0.594,0.69,0.526,0.909,0.39,0.67,0.707,0.575,0.596,0.255,0.363,0.655,0.525,0.832,0.466,0.549,0.696,0.632,0.64,0.555,0.896,0.333,0.586,0.487,0.808,0.378,0.452
6,0.719,0.548,0.603,0.469,0.807,0.682,0.626,0.366,0.349,0.85,0.878,0.336,0.639,0.39,0.418,0.595,0.865,0.55,0.656,0.943,0.426,0.515,0.817,0.58,0.86,0.361,0.579,0.688,0.609,0.323,0.39,0.325,0.4
7,0.661,0.547,0.382,0.427,0.419,0.664,0.445,0.485,0.455,0.479,0.706,0.872,0.479,0.446,0.437,0.595,0.61,0.403,0.45,0.46,0.618,0.589,0.77,0.44,0.422,0.466,0.426,0.407
8,0.478,0.42,0.436,0.484,0.529,0.389,0.441,0.561,0.414,0.468,0.489,0.483,0.531,0.498,0.498,0.415,0.427,0.435,0.736,0.616,0.746,0.87,0.464,0.407,0.788,0.536,0.568,0.481,0.42,0.502,0.416
