pos,109001, 109002, 109008, 109010, 109011, 109012, 109013, 109018, 109019, 109020, 109021, 109023, 109024, 109025, 109026, 109027, 109031, 109032, 109033, 109034, 109035, 109036, 109038, 109039, 109040, 109041, 109042, 109043, 109044, 109045, 109046, 109049, 109051, 109060, 109061, 109062, 109063, 109083, 109084, 109085, 109086, 109087, 109088, 109089, 109090, 109092, 109093, 109094, 109095, 109096, 109097, 109098, 109100, 109101
0,0.394,0.655,0.388,0.432,0.471,0.365,0.637,0.763,0.428,0.506,0.395,1.0,0.843,0.708,0.533,0.53,0.76,0.707,0.434,0.673,0.3,0.57,0.624
1,0.452,0.98,0.61,0.612,0.551,0.479,0.267,0.385,0.363,0.492,0.368,0.556,0.387,0.583,0.609,0.617,0.737,0.36,0.848,0.564,0.404,0.268,0.762,0.888
2,0.599,0.537,0.568,0.744,0.596,0.556,0.475,0.672,0.839,0.451,0.718,0.868,0.725,0.697,0.47,0.638,0.922,0.5,0.583,0.901,0.766,0.868,0.558,0.657,0.832,0.951
3,0.662,0.466,0.551,0.912,0.306,0.496,0.469,0.838,0.684,0.708,0.616,0.734,0.758,0.495,0.917
4,0.588,0.388,0.353,0.568,0.43,0.651,0.484,0.683,0.98,0.211,0.542,0.902,0.928,0.307,0.758,0.221,0.275
5,0.712,0.724,0.616,0.841,0.778,0.574,0.322,0.389,0.512,0.85,0.546,0.41,0.522,0.762,0.883,0.516,0.658,0.662,0.698,0.577,0.919,0.96,0.577,0.952,0.325,0.605,1.0,0.465,0.455,0.469,0.86,0.379,0.391
6,0.792,0.823,0.572,0.472,0.729,0.444,0.484,0.75,0.33,0.381,0.822,0.575,0.469,0.529,0.382,0.439,0.58,0.543,0.596,0.766,0.764,0.501,0.865,0.788,0.877,0.337,0.947,0.658,0.494,0.367,0.387,0.489,0.406,0.341
7,0.573,0.41,0.413,0.91,0.877,0.521,0.469,0.446,0.501,0.817,0.41,0.905,0.425,0.615,0.592,0.904,0.394,0.509,0.46,0.8,0.833,0.417,0.408,0.598,0.399,0.397
8,0.591,0.377,0.788,0.909,0.464,0.559,0.412,0.397,0.727,0.352,0.909,0.389,0.364,0.738,0.71,0.386,0.514,0.511,0.394,0.379,0.399,0.614,0.541,0.398,0.456,0.418,0.772,0.46,0.6,0.397,0.377,0.451,0.428
