pos,115001, 115002, 115008, 115010, 115011, 115012, 115013, 115018, 115019, 115020, 115021, 115023, 115024, 115025, 115026, 115027, 115031, 115032, 115033, 115034, 115035, 115036, 115038, 115039, 115040, 115041, 115042, 115043, 115044, 115045, 115046, 115049, 115051, 115060, 115061, 115062, 115063, 115083, 115084, 115085, 115086, 115087, 115088, 115089, 115090, 115092, 115093, 115094, 115095, 115096, 115097, 115098, 115100, 115101
0,0.421,0.419,0.532,0.491,0.411,0.766,0.578,0.264,0.653,0.461,0.426,0.905,0.726,0.46,0.911,0.754,0.513,0.716,0.622,0.801,0.345
1,0.429,0.496,0.85,0.573,0.361,0.756,0.338,0.35,0.502,0.323,0.565,0.299,0.632,0.596,0.305,0.397,0.652,0.242,0.367,0.616
2,0.633,0.663,0.575,0.697,0.621,0.514,0.537,0.533,0.933,0.784,0.495,0.55,0.464,0.652,0.763,0.776,0.668,0.551,0.605,0.718,0.826,0.531,0.914,0.61,0.681,0.405,0.756,0.827
3,0.741,0.664,0.466,0.402,0.889,0.776,0.653,0.364,0.307,0.519,1.0,0.93,0.73,0.755,0.686,0.9,0.545,0.494,0.208,0.95
4,0.785,0.416,0.192,0.547,0.486,0.611,0.332,0.832,0.415,0.57,0.938,0.13,0.409,0.225,0.287,0.49,0.905,0.955
5,0.609,0.398,0.833,0.398,0.809,0.268,0.302,0.54,0.782,0.722,0.397,0.375,0.612,0.66,0.595,0.615,0.506,0.481,0.492,0.47,0.277,0.502,0.482,0.364,0.932,0.39,0.341
6,0.841,0.534,0.479,0.446,0.861,0.455,0.712,0.386,0.33,0.94,0.845,0.566,0.431,0.418,0.578,0.743,0.411,0.538,0.625,0.464,0.56,0.716,0.697,0.824,0.321,0.591,0.633,0.338,0.472,0.537,0.4,0.351
7,0.839,0.46,0.381,0.413,0.533,0.554,0.59,0.461,0.434,0.739,0.862,0.464,0.826,0.426,0.524,0.624,0.74,0.387,0.429,0.458,0.569,0.402,0.423,0.438,0.338,0.906,0.389
8,0.456,0.741,0.399,0.893,0.426,0.699,0.738,0.501,0.434,0.459,0.74,0.472,0.466,0.545,0.402,0.411,0.493,0.459,0.437,0.554,0.516,0.555,0.422,0.488,0.895,0.624,0.459,0.499,0.421,0.446,0.518,0.499,0.447,0.844,0.464,0.439
