pos,113001, 113002, 113008, 113010, 113011, 113012, 113013, 113018, 113019, 113020, 113021, 113023, 113024, 113025, 113026, 113027, 113031, 113032, 113033, 113034, 113035, 113036, 113038, 113039, 113040, 113041, 113042, 113043, 113044, 113045, 113046, 113049, 113051, 113060, 113061, 113062, 113063, 113083, 113084, 113085, 113086, 113087, 113088, 113089, 113090, 113092, 113093, 113094, 113095, 113096, 113097, 113098, 113100, 113101
0,0.396,0.697,0.385,0.468,0.583,0.368,0.506,0.739,0.374,0.402,0.655,0.745,0.667,0.525,0.796,0.724,0.437,0.58,0.633,0.287
1,0.484,0.619,0.744,0.646,0.417,0.302,0.377,0.353,0.503,0.318,0.558,0.385,0.575,0.593,0.765,0.339,0.79,0.625,0.314,0.26,0.419,0.746,0.869
2,0.636,0.532,0.616,0.686,0.5,0.475,0.23,0.841,0.517,0.497,0.495,0.569,0.544,0.709,0.59,0.494,0.671,0.744,0.511,0.903,0.579,0.942,0.854,0.654,0.711,0.812,0.942
3,0.694,0.486,0.463,0.882,0.367,0.762,0.815,0.484,0.955,0.405,0.268,0.67,0.727,0.651,0.694,0.439,0.496,0.211,0.928
4,0.74,0.734,0.54,0.601,0.427,0.832,0.518,0.687,0.832,0.955,0.144,0.448,0.309,0.842,0.898
5,0.488,0.898,0.41,0.677,0.309,0.379,0.515,0.659,0.807,0.472,0.415,0.479,0.76,0.824,0.674,0.565,0.621,0.481,0.925,0.706,0.369,0.454,0.878,0.481,0.43,0.546,0.802,0.403,0.963,0.371
6,0.787,0.693,0.401,0.804,0.526,0.398,0.318,0.315,0.896,0.745,0.424,0.392,0.51,0.52,0.519,0.526,0.762,0.474,0.61,0.788,0.895,0.765,0.635,0.764,0.257,0.91,0.6,0.729,0.34,0.37,0.375,0.844,0.349,0.317
7,0.851,0.487,0.595,0.445,0.428,0.415,0.829,0.553,0.582,0.533,0.48,0.868,0.423,0.868,0.428,0.557,0.458,0.862,0.737,1.0,0.408,0.436,0.454,0.763,0.431,0.438,0.48,0.374,0.408
8,0.58,0.553,0.374,0.789,0.396,0.429,0.662,0.444,0.43,1.0,0.69,0.367,0.467,0.379,0.426,0.707,0.748,0.355,0.339,0.414,0.382,0.424,0.623,0.542,0.395,0.497,0.368,0.884,0.455,0.49,0.411,0.472,0.381,0.471,0.452
