pos,103001, 103002, 103008, 103010, 103011, 103012, 103013, 103018, 103019, 103020, 103021, 103023, 103024, 103025, 103026, 103027, 103031, 103032, 103033, 103034, 103035, 103036, 103038, 103039, 103040, 103041, 103042, 103043, 103044, 103045, 103046, 103049, 103051, 103060, 103061, 103062, 103063, 103083, 103084, 103085, 103086, 103087, 103088, 103089, 103090, 103092, 103093, 103094, 103095, 103096, 103097, 103098, 103100, 103101
0,0.563,0.452,0.472,0.438,0.853,0.422,0.342,0.481,0.447,0.234,0.434,0.488,0.662,0.913,0.706,0.516,0.316,0.606,0.421,0.778,0.345,0.827,0.706,0.594
1,0.416,0.549,0.561,0.827,0.426,0.367,0.38,0.314,0.656,0.487,0.387,0.544,0.936,0.393,0.658,0.463,0.813,0.332,0.653,0.409,0.688,0.859,0.45,0.598,0.301,0.327,0.454,0.402,0.782
2,0.624,0.499,0.82,0.502,0.502,0.519,0.636,0.543,0.651,0.817,0.901,0.634,0.696,0.476,0.688,0.501,0.447,0.336,0.91,0.293,0.459,0.94,0.872
3,0.644,0.329,0.782,0.284,0.722,0.712,0.615,0.832,0.78,0.613,0.193,0.31,0.915,0.7,0.91,0.333,0.595,0.29,0.598,0.265,0.926
4,0.68,0.419,0.28,0.311,0.857,0.383,0.457,0.457,0.776,0.469,0.52,0.384,0.721,0.638,0.822,0.305,0.359,0.704,0.273
5,0.349,0.929,0.292,0.823,0.728,0.483,0.487,0.902,0.314,0.236,1.0,0.23,0.302,0.301,0.668,0.816,0.955,0.704,0.676,0.592,0.752,0.323,1.0,0.466,0.413,0.275,0.405
6,0.894,0.435,0.433,0.614,0.489,0.415,0.431,0.38,0.349,0.413,0.439,0.417,0.982,0.779,0.462,0.479,0.602,0.792,0.441,0.569,0.933,0.502,0.365,0.521,0.359,0.449
7,0.843,0.486,0.349,0.702,0.679,0.484,0.382,0.446,0.434,0.459,0.481,0.381,0.389,0.487,0.97,0.476,0.814,0.441,0.4,0.775,0.45,0.851,0.648,0.353,0.505,0.452,0.546,0.431,0.405,0.462,0.425,0.405
8,0.845,0.457,0.471,0.698,0.694,0.459,0.47,0.471,0.46,0.479,0.515,0.503,0.517,0.456,0.463,0.57,0.541,0.482,0.43,0.605,0.492,0.484,0.912,0.49,0.52,0.464,0.936,0.509,0.425,0.513,0.483
