pos,106001, 106002, 106008, 106010, 106011, 106012, 106013, 106018, 106019, 106020, 106021, 106023, 106024, 106025, 106026, 106027, 106031, 106032, 106033, 106034, 106035, 106036, 106038, 106039, 106040, 106041, 106042, 106043, 106044, 106045, 106046, 106049, 106051, 106060, 106061, 106062, 106063, 106083, 106084, 106085, 106086, 106087, 106088, 106089, 106090, 106092, 106093, 106094, 106095, 106096, 106097, 106098, 106100, 106101
0,0.43,0.675,0.455,0.443,0.489,0.434,0.814,0.527,0.462,0.46,0.625,0.704,0.801,0.582,0.312,0.917,0.86,0.505,0.723,0.334,0.66,0.661
1,0.405,1.0,0.754,0.64,0.536,0.381,0.364,0.283,0.545,0.267,0.337,0.545,0.342,0.612,0.378,0.283,0.709,0.702,0.521,0.523,0.272,0.289,0.282,0.494
2,0.555,0.48,0.584,0.495,0.764,0.555,0.691,0.612,0.7,0.554,0.829,0.649,0.664,0.704,0.567,0.663,0.301,0.839,0.513,0.797,0.459
3,0.793,0.46,0.549,0.521,0.656,0.334,0.538,0.838,0.405,1.0,0.306,0.305,0.916,0.573,1.0,0.738,0.833,0.563,0.493,0.936
4,0.384,0.875,0.439,0.329,0.811,0.516,0.55,0.454,0.812,0.476,0.731,0.695,0.336,0.343,0.343,0.504,0.18,0.855
5,0.437,0.524,0.883,0.383,0.62,0.497,0.368,0.398,0.789,0.759,0.288,0.322,0.264,0.557,0.93,0.966,1.0,0.464,0.515,0.483,0.568,0.31,0.59,0.529,0.889,0.278,0.472
6,0.872,0.464,0.503,0.799,0.764,0.829,0.492,0.412,0.395,0.829,0.518,0.366,0.409,0.432,0.422,1.0,0.578,0.387,0.568,0.448,0.846,0.782,0.889,0.364,0.872,0.574,0.363,0.368,0.399,0.433
7,0.645,0.471,0.499,0.374,0.548,0.424,0.44,0.468,0.431,0.486,0.401,0.41,0.465,0.492,0.81,0.557,0.451,0.768,0.451,0.431,0.463,0.472,0.629,0.574,0.906,0.423,0.443,0.444,0.38,0.885,0.426
8,0.686,0.904,0.778,0.437,0.917,0.67,0.446,0.512,0.422,0.399,0.484,0.464,0.425,0.511,0.565,0.45,0.419,0.435,0.551,0.432,0.473,0.44,0.824,0.642,0.501,0.969,0.508,0.448,0.822,0.53,0.445,0.492,0.412,0.524,0.437
