pos,105001, 105002, 105008, 105010, 105011, 105012, 105013, 105018, 105019, 105020, 105021, 105023, 105024, 105025, 105026, 105027, 105031, 105032, 105033, 105034, 105035, 105036, 105038, 105039, 105040, 105041, 105042, 105043, 105044, 105045, 105046, 105049, 105051, 105060, 105061, 105062, 105063, 105083, 105084, 105085, 105086, 105087, 105088, 105089, 105090, 105092, 105093, 105094, 105095, 105096, 105097, 105098, 105100, 105101
0,0.451,0.464,0.464,0.451,0.6,0.454,0.623,0.967,0.458,0.431,0.558,0.549,1.0,0.714,1.0,0.477,0.638,0.453,0.617,0.389,0.491,0.593,0.6
1,0.478,0.532,0.508,0.671,0.449,0.422,0.528,0.384,0.494,0.439,0.407,0.517,0.388,0.565,0.457,0.773,0.71,0.819,0.418,0.582,0.463,0.992,0.53,0.439,0.373,0.501
2,0.545,0.895,0.599,0.554,0.487,0.525,0.458,0.494,0.786,0.664,0.9,0.667,0.732,0.995,0.607,0.477,0.599,0.507,0.459,0.957,0.778,0.312,0.913,0.568
3,0.584,0.942,0.476,0.562,0.763,0.601,0.499,0.578,0.878,0.403,0.592,0.699,0.657,0.842,0.982,0.654,0.488,0.641,0.752,0.459,0.474,0.711
4,0.635,0.4,0.62,1.0,0.467,0.574,0.597,0.513,0.442,0.764,0.364,0.417,0.353,0.546,0.502
5,0.984,0.504,0.5,0.739,0.399,0.468,0.48,0.425,0.717,0.414,0.487,0.402,0.551,0.497,0.584,0.854,0.673,0.798,0.535,0.964,0.83,0.599,0.923,0.768,0.974,0.728,0.953,0.432,0.549
6,0.52,0.917,0.364,0.621,0.506,0.874,0.362,0.389,0.686,0.737,0.311,0.422,0.492,0.358,0.423,0.805,0.505,0.544,0.469,0.535,0.581,0.865,0.836,0.625,0.645,0.408,0.509,0.676,0.485,0.33,0.846,0.398,0.383
7,0.469,0.462,0.435,0.44,0.942,0.466,0.45,0.543,0.626,0.821,0.439,0.64,0.44,0.672,0.795,0.549,0.598,0.877,0.471,0.58,0.433,0.886,0.726,0.685,0.452,0.369,0.449,0.559,0.594
8,0.873,0.699,0.382,0.818,0.386,0.472,0.344,0.334,0.811,0.386,0.366,0.847,0.396,0.357,0.832,0.403,0.339,0.358,0.36,0.36,0.481,0.492,0.368,0.377,0.658,0.345,0.401,0.356,0.352,0.529,0.382,0.383
