pos,104001, 104002, 104008, 104010, 104011, 104012, 104013, 104018, 104019, 104020, 104021, 104023, 104024, 104025, 104026, 104027, 104031, 104032, 104033, 104034, 104035, 104036, 104038, 104039, 104040, 104041, 104042, 104043, 104044, 104045, 104046, 104049, 104051, 104060, 104061, 104062, 104063, 104083, 104084, 104085, 104086, 104087, 104088, 104089, 104090, 104092, 104093, 104094, 104095, 104096, 104097, 104098, 104100, 104101
0,0.505,0.514,0.463,0.44,0.889,0.432,0.348,0.468,0.447,0.351,0.451,0.793,0.606,0.971,0.499,0.606,0.82,1.0,0.59,0.764,0.441,0.685,0.365,0.64,0.557
1,0.406,0.467,0.541,0.936,0.498,0.359,0.346,0.623,0.459,0.331,0.391,0.51,1.0,0.394,0.591,0.455,0.827,0.902,0.648,0.408,0.623,0.574,0.554,0.358,0.346,0.55,0.397,0.686
2,0.535,0.607,0.628,0.527,0.461,0.485,0.461,0.557,0.549,0.59,0.927,0.976,0.592,0.705,0.847,0.64,0.986,0.484,0.915,0.443,0.481,0.745,0.812,0.528,0.359,0.612,0.767,0.516
3,0.47,0.727,0.548,0.921,0.785,0.688,0.564,0.363,0.717,0.525,0.649,0.626,0.851,0.893,0.533,1.0,0.625,0.57,0.849,0.844
4,0.438,0.344,0.736,0.683,0.751,0.919,0.536,0.85,0.559,0.573,0.7,0.357,0.377,0.496,0.686,0.373,0.471
5,0.963,0.501,0.771,0.397,0.502,0.436,0.835,0.907,0.352,0.661,0.569,0.744,0.826,0.823,0.498,0.824,0.721,0.612,0.593,0.462,0.62,0.952,0.451,0.4,0.487
6,0.712,0.722,0.859,0.789,0.404,0.644,0.616,0.667,0.819,0.366,0.322,0.323,0.479,0.358,0.446,1.0,0.531,0.627,0.44,0.506,0.679,0.736,0.403,0.944,0.656,0.626,0.477,0.403,0.349,0.412
7,0.568,0.486,0.469,0.622,0.413,0.433,0.729,0.469,0.439,0.537,0.73,0.44,0.709,0.416,0.567,0.754,0.416,0.397,0.454,0.494,0.872,0.586,0.851,0.425,0.399,0.43,0.425,0.393
8,0.94,0.636,0.43,0.598,0.359,0.412,0.412,0.41,0.469,0.648,0.45,0.386,0.76,0.505,0.525,0.401,0.417,0.534,0.639,0.563,0.426,0.426,0.877,0.413,0.441,0.388,0.833,0.435,0.79,0.428,0.42
