pos,114001, 114002, 114008, 114010, 114011, 114012, 114013, 114018, 114019, 114020, 114021, 114023, 114024, 114025, 114026, 114027, 114031, 114032, 114033, 114034, 114035, 114036, 114038, 114039, 114040, 114041, 114042, 114043, 114044, 114045, 114046, 114049, 114051, 114060, 114061, 114062, 114063, 114083, 114084, 114085, 114086, 114087, 114088, 114089, 114090, 114092, 114093, 114094, 114095, 114096, 114097, 114098, 114100, 114101
0,0.42,0.789,0.41,0.507,0.475,0.391,0.6,0.722,0.589,0.42,0.426,0.76,0.902,0.558,0.797,0.752,0.483,0.609,0.655
1,0.461,0.714,0.779,0.479,0.393,0.781,0.35,0.355,0.504,0.321,0.572,0.429,0.618,0.604,0.477,0.515,0.795,0.638,0.27,0.31,0.375,0.758
2,0.619,0.547,0.456,0.711,0.724,0.495,0.299,0.528,0.339,0.766,0.486,0.47,0.465,0.639,0.694,0.61,0.564,0.706,0.48,0.892,0.61,0.757,0.745,0.354,0.528,0.886,0.958,0.906,0.405
3,0.703,0.766,0.496,0.832,0.827,0.614,0.857,0.372,0.289,0.594,0.838,0.769,0.773,0.774,0.684,0.768,0.541,0.485,0.245,0.858
4,0.77,0.394,0.233,0.432,0.605,0.425,0.694,0.557,0.57,0.895,0.151,0.37,0.669,0.357,0.72,0.861
5,0.742,0.549,0.501,0.934,0.867,0.384,0.735,0.91,0.238,0.345,0.515,0.569,0.391,0.303,0.484,0.576,0.587,0.485,0.525,0.526,0.47,0.599,0.854,0.293,0.59,0.851,0.47,0.355,0.875,0.38,1.0,0.36
6,0.91,0.552,0.624,0.451,0.612,0.374,0.344,0.826,0.729,0.9,0.435,0.414,0.708,0.547,0.552,0.638,0.669,0.466,0.75,0.661,0.829,0.322,0.663,0.66,0.349,0.515,0.532,0.318,0.349
7,0.9,0.467,0.587,0.391,0.426,0.654,0.526,0.53,0.471,0.449,0.761,0.848,0.413,0.72,0.412,0.84,0.543,0.547,0.719,0.392,0.419,0.499,0.608,0.418,0.421,0.439,0.42,1.0,0.389
8,0.949,0.7,0.393,0.784,0.416,0.437,0.788,0.59,0.436,0.439,0.755,0.78,0.557,0.408,0.385,0.473,0.579,0.643,1.0,0.363,0.788,0.482,0.47,0.394,0.42,0.609,0.613,0.426,0.478,0.359,0.456,0.484,0.469,0.43,0.301,0.421,0.424
