hero_id,win_count,loss_count,win_loss_ratio,battle_count,win_prob
105001_0,97281,89090,0.522,186371,0.522
105001_1,97106,88848,0.522,185954,0.522
105001_2,97413,88891,0.523,186304,0.523
105001_3,96610,89615,0.519,186225,0.519
105001_4,97121,88631,0.523,185752,0.523
105001_5,97092,89697,0.52,186789,0.52
105001_6,96172,89618,0.518,185790,0.518
105001_7,96412,89392,0.519,185804,0.519
105001_8,96867,89319,0.52,186186,0.52
105002_0,93054,92546,0.501,185600,0.501
105002_1,93014,92921,0.5,185935,0.5
105002_2,92991,92917,0.5,185908,0.5
105002_3,92870,93243,0.499,186113,0.499
105002_4,92825,93046,0.499,185871,0.499
105002_5,93536,93622,0.5,187158,0.5
105002_6,93660,92385,0.503,186045,0.503
105002_7,93059,93081,0.5,186140,0.5
105002_8,93958,92590,0.504,186548,0.504
105008_0,118837,66669,0.641,185506,0.641
105008_1,118273,67396,0.637,185669,0.637
105008_2,119845,66639,0.643,186484,0.643
105008_3,120703,65550,0.648,186253,0.648
105008_4,120199,66305,0.644,186504,0.644
105008_5,121587,65078,0.651,186665,0.651
105008_6,121722,64808,0.653,186530,0.653
105008_7,121106,65415,0.649,186521,0.649
105008_8,121434,64315,0.654,185749,0.654
105010_0,98509,87402,0.53,185911,0.53
105010_1,97257,88802,0.523,186059,0.523
105010_2,98198,87799,0.528,185997,0.528
105010_3,98467,88425,0.527,186892,0.527
105010_4,97633,88911,0.523,186544,0.523
105010_5,98229,88195,0.527,186424,0.527
105010_6,98434,88319,0.527,186753,0.527
105010_7,96869,89004,0.521,185873,0.521
105010_8,98297,88263,0.527,186560,0.527
105011_0,91365,94479,0.492,185844,0.492
105011_1,91267,94548,0.491,185815,0.491
105011_2,91476,94798,0.491,186274,0.491
105011_3,91359,93959,0.493,185318,0.493
105011_4,91805,94838,0.492,186643,0.492
105011_5,91726,94270,0.493,185996,0.493
105011_6,92596,94123,0.496,186719,0.496
105011_7,92852,93923,0.497,186775,0.497
105011_8,92036,94081,0.495,186117,0.495
105012_0,95422,91118,0.512,186540,0.512
105012_1,94687,91304,0.509,185991,0.509
105012_2,94451,91033,0.509,185484,0.509
105012_3,94316,91256,0.508,185572,0.508
105012_4,94234,92390,0.505,186624,0.505
105012_5,94726,91660,0.508,186386,0.508
105012_6,94321,91938,0.506,186259,0.506
105012_7,94580,92012,0.507,186592,0.507
105012_8,94272,91293,0.508,185565,0.508
105013_0,114695,70851,0.618,185546,0.618
105013_1,113921,72545,0.611,186466,0.611
105013_2,115996,70419,0.622,186415,0.622
105013_3,113440,72404,0.61,185844,0.61
105013_4,112036,74060,0.602,186096,0.602
105013_5,114477,71586,0.615,186063,0.615
105013_6,113204,73259,0.607,186463,0.607
105013_7,111201,74802,0.598,186003,0.598
105013_8,112918,72935,0.608,185853,0.608
105018_0,96684,89927,0.518,186611,0.518
105018_1,95602,90585,0.513,186187,0.513
105018_2,96366,90189,0.517,186555,0.517
105018_3,95218,91167,0.511,186385,0.511
105018_4,93333,92483,0.502,185816,0.502
105018_5,94845,91596,0.509,186441,0.509
105018_6,94133,91601,0.507,185734,0.507
105018_7,93284,92998,0.501,186282,0.501
105018_8,93510,91839,0.505,185349,0.505
105019_0,89538,96746,0.481,186284,0.481
105019_1,89138,96845,0.479,185983,0.479
105019_2,89407,97524,0.478,186931,0.478
105019_3,89499,96403,0.481,185902,0.481
105019_4,90053,96532,0.483,186585,0.483
105019_5,90036,96536,0.483,186572,0.483
105019_6,89651,96305,0.482,185956,0.482
105019_7,90158,96408,0.483,186566,0.483
105019_8,90007,96412,0.483,186419,0.483
105020_0,100841,85060,0.542,185901,0.542
105020_1,100215,86296,0.537,186511,0.537
105020_2,101503,84972,0.544,186475,0.544
105020_3,100854,85416,0.541,186270,0.541
105020_4,100443,86033,0.539,186476,0.539
105020_5,101418,84346,0.546,185764,0.546
105020_6,100085,85758,0.539,185843,0.539
105020_7,100168,86147,0.538,186315,0.538
105020_8,101254,84605,0.545,185859,0.545
105021_0,119524,67199,0.64,186723,0.64
105021_1,119039,67094,0.64,186133,0.64
105021_2,119381,66928,0.641,186309,0.641
105021_3,118730,67129,0.639,185859,0.639
105021_4,119095,67262,0.639,186357,0.639
105021_5,118858,67636,0.637,186494,0.637
105021_6,119264,66597,0.642,185861,0.642
105021_7,118896,67069,0.639,185965,0.639
105021_8,119347,66913,0.641,186260,0.641
105023_0,86638,100043,0.464,186681,0.464
105023_1,87055,99845,0.466,186900,0.466
105023_2,87029,100153,0.465,187182,0.465
105023_3,86463,99523,0.465,185986,0.465
105023_4,86601,98948,0.467,185549,0.467
105023_5,86513,99607,0.465,186120,0.465
105023_6,86986,98782,0.468,185768,0.468
105023_7,87821,98410,0.472,186231,0.472
105023_8,87613,98710,0.47,186323,0.47
105024_0,90100,96088,0.484,186188,0.484
105024_1,89997,96284,0.483,186281,0.483
105024_2,89915,97303,0.48,187218,0.48
105024_3,89491,97607,0.478,187098,0.478
105024_4,89331,96222,0.481,185553,0.481
105024_5,88957,96531,0.48,185488,0.48
105024_6,89769,96381,0.482,186150,0.482
105024_7,89902,95710,0.484,185612,0.484
105024_8,89819,96214,0.483,186033,0.483
105025_0,95992,90003,0.516,185995,0.516
105025_1,95588,90124,0.515,185712,0.515
105025_2,96167,90325,0.516,186492,0.516
105025_3,96754,89797,0.519,186551,0.519
105025_4,95701,89796,0.516,185497,0.516
105025_5,95901,89566,0.517,185467,0.517
105025_6,96795,89509,0.52,186304,0.52
105025_7,95681,90674,0.513,186355,0.513
105025_8,96482,90133,0.517,186615,0.517
105026_0,105298,80553,0.567,185851,0.567
105026_1,104633,82032,0.561,186665,0.561
105026_2,104497,81412,0.562,185909,0.562
105026_3,104680,81589,0.562,186269,0.562
105026_4,104109,81820,0.56,185929,0.56
105026_5,104262,81675,0.561,185937,0.561
105026_6,103458,82167,0.557,185625,0.557
105026_7,103006,83418,0.553,186424,0.553
105026_8,103301,83437,0.553,186738,0.553
105027_0,119241,66895,0.641,186136,0.641
105027_1,119572,66863,0.641,186435,0.641
105027_2,119850,66403,0.643,186253,0.643
105027_3,119668,66726,0.642,186394,0.642
105027_4,119766,66374,0.643,186140,0.643
105027_5,120073,66448,0.644,186521,0.644
105027_6,120047,66084,0.645,186131,0.645
105027_7,120336,65475,0.648,185811,0.648
105027_8,120260,65078,0.649,185338,0.649
105031_0,91127,95091,0.489,186218,0.489
105031_1,90886,95115,0.489,186001,0.489
105031_2,90741,95350,0.488,186091,0.488
105031_3,91980,94955,0.492,186935,0.492
105031_4,90883,95147,0.489,186030,0.489
105031_5,91033,94148,0.492,185181,0.492
105031_6,92212,94430,0.494,186642,0.494
105031_7,91083,94391,0.491,185474,0.491
105031_8,91669,94603,0.492,186272,0.492
105032_0,87924,98082,0.473,186006,0.473
105032_1,88886,97572,0.477,186458,0.477
105032_2,88256,97607,0.475,185863,0.475
105032_3,87660,97837,0.473,185497,0.473
105032_4,89069,98198,0.476,187267,0.476
105032_5,88251,97644,0.475,185895,0.475
105032_6,88459,97677,0.475,186136,0.475
105032_7,88787,97966,0.475,186753,0.475
105032_8,88467,97343,0.476,185810,0.476
105033_0,100274,85829,0.539,186103,0.539
105033_1,98945,87035,0.532,185980,0.532
105033_2,100479,85108,0.541,185587,0.541
105033_3,100688,85343,0.541,186031,0.541
105033_4,100467,85819,0.539,186286,0.539
105033_5,101087,85246,0.543,186333,0.543
105033_6,101318,85121,0.543,186439,0.543
105033_7,100198,85914,0.538,186112,0.538
105033_8,101205,85109,0.543,186314,0.543
105034_0,84433,101090,0.455,185523,0.455
105034_1,85175,101374,0.457,186549,0.457
105034_2,85079,101193,0.457,186272,0.457
105034_3,85533,100518,0.46,186051,0.46
105034_4,85780,101044,0.459,186824,0.459
105034_5,86403,100298,0.463,186701,0.463
105034_6,85889,99880,0.462,185769,0.462
105034_7,86377,99733,0.464,186110,0.464
105034_8,87155,99633,0.467,186788,0.467
105035_0,87602,98588,0.47,186190,0.47
105035_1,87738,98951,0.47,186689,0.47
105035_2,87191,98398,0.47,185589,0.47
105035_3,87476,98035,0.472,185511,0.472
105035_4,87370,97949,0.471,185319,0.471
105035_5,88199,98825,0.472,187024,0.472
105035_6,87789,98301,0.472,186090,0.472
105035_7,88012,98119,0.473,186131,0.473
105035_8,88003,98348,0.472,186351,0.472
105036_0,124784,61904,0.668,186688,0.668
105036_1,124699,61742,0.669,186441,0.669
105036_2,124594,61156,0.671,185750,0.671
105036_3,124874,61505,0.67,186379,0.67
105036_4,124517,61749,0.668,186266,0.668
105036_5,125032,61245,0.671,186277,0.671
105036_6,125155,61164,0.672,186319,0.672
105036_7,124979,61593,0.67,186572,0.67
105036_8,125485,61009,0.673,186494,0.673
105038_0,96432,89596,0.518,186028,0.518
105038_1,96887,89532,0.52,186419,0.52
105038_2,96145,90025,0.516,186170,0.516
105038_3,96770,89503,0.52,186273,0.52
105038_4,96218,90396,0.516,186614,0.516
105038_5,95887,89626,0.517,185513,0.517
105038_6,96214,90172,0.516,186386,0.516
105038_7,95976,90313,0.515,186289,0.515
105038_8,95632,90394,0.514,186026,0.514
105039_0,96423,90560,0.516,186983,0.516
105039_1,98193,87338,0.529,185531,0.529
105039_2,94381,91704,0.507,186085,0.507
105039_3,93922,92411,0.504,186333,0.504
105039_4,96369,90383,0.516,186752,0.516
105039_5,92581,93392,0.498,185973,0.498
105039_6,92572,93948,0.496,186520,0.496
105039_7,95067,91177,0.51,186244,0.51
105039_8,92631,93580,0.497,186211,0.497
105040_0,85555,101261,0.458,186816,0.458
105040_1,84432,101704,0.454,186136,0.454
105040_2,85294,100704,0.459,185998,0.459
105040_3,84734,102178,0.453,186912,0.453
105040_4,83454,101981,0.45,185435,0.45
105040_5,84800,101410,0.455,186210,0.455
105040_6,83284,102918,0.447,186202,0.447
105040_7,83051,103765,0.445,186816,0.445
105040_8,83124,102749,0.447,185873,0.447
105041_0,88938,97521,0.477,186459,0.477
105041_1,89551,95882,0.483,185433,0.483
105041_2,88386,97130,0.476,185516,0.476
105041_3,89097,96795,0.479,185892,0.479
105041_4,89506,97103,0.48,186609,0.48
105041_5,89060,97078,0.478,186138,0.478
105041_6,89556,96816,0.481,186372,0.481
105041_7,90165,96027,0.484,186192,0.484
105041_8,89558,96568,0.481,186126,0.481
105042_0,80746,105364,0.434,186110,0.434
105042_1,82777,103833,0.444,186610,0.444
105042_2,78981,107102,0.424,186083,0.424
105042_3,79055,107725,0.423,186780,0.423
105042_4,80383,105137,0.433,185520,0.433
105042_5,77049,108793,0.415,185842,0.415
105042_6,78122,107541,0.421,185663,0.421
105042_7,80302,106149,0.431,186451,0.431
105042_8,76977,108997,0.414,185974,0.414
105043_0,94124,92737,0.504,186861,0.504
105043_1,94519,90900,0.51,185419,0.51
105043_2,94520,91846,0.507,186366,0.507
105043_3,93704,92549,0.503,186253,0.503
105043_4,94577,90676,0.511,185253,0.511
105043_5,94609,91551,0.508,186160,0.508
105043_6,94614,91197,0.509,185811,0.509
105043_7,95161,90992,0.511,186153,0.511
105043_8,95067,90785,0.512,185852,0.512
105044_0,102479,82677,0.553,185156,0.553
105044_1,102628,83694,0.551,186322,0.551
105044_2,102284,83755,0.55,186039,0.55
105044_3,102145,83904,0.549,186049,0.549
105044_4,102124,84344,0.548,186468,0.548
105044_5,101335,84085,0.547,185420,0.547
105044_6,101643,84666,0.546,186309,0.546
105044_7,101442,85032,0.544,186474,0.544
105044_8,101370,84746,0.545,186116,0.545
105045_0,89903,96526,0.482,186429,0.482
105045_1,90341,96172,0.484,186513,0.484
105045_2,90042,95443,0.485,185485,0.485
105045_3,90581,95740,0.486,186321,0.486
105045_4,90365,95980,0.485,186345,0.485
105045_5,90340,95976,0.485,186316,0.485
105045_6,90996,95568,0.488,186564,0.488
105045_7,90623,94973,0.488,185596,0.488
105045_8,90720,95926,0.486,186646,0.486
105046_0,87852,98404,0.472,186256,0.472
105046_1,88265,97888,0.474,186153,0.474
105046_2,88777,98636,0.474,187413,0.474
105046_3,88211,98220,0.473,186431,0.473
105046_4,88583,98489,0.474,187072,0.474
105046_5,88290,97773,0.475,186063,0.475
105046_6,89141,97794,0.477,186935,0.477
105046_7,88855,97467,0.477,186322,0.477
105046_8,88920,97252,0.478,186172,0.478
105049_0,96183,89827,0.517,186010,0.517
105049_1,96241,89809,0.517,186050,0.517
105049_2,96332,90519,0.516,186851,0.516
105049_3,96028,90031,0.516,186059,0.516
105049_4,96569,89627,0.519,186196,0.519
105049_5,96670,89175,0.52,185845,0.52
105049_6,97191,88886,0.522,186077,0.522
105049_7,97835,88773,0.524,186608,0.524
105049_8,97618,88516,0.524,186134,0.524
105051_0,91725,94053,0.494,185778,0.494
105051_1,92144,93928,0.495,186072,0.495
105051_2,92382,94064,0.495,186446,0.495
105051_3,92348,93482,0.497,185830,0.497
105051_4,91912,93811,0.495,185723,0.495
105051_5,92738,94273,0.496,187011,0.496
105051_6,92310,93124,0.498,185434,0.498
105051_7,91815,93801,0.495,185616,0.495
105051_8,92496,93880,0.496,186376,0.496
105060_0,76914,109255,0.413,186169,0.413
105060_1,76890,109364,0.413,186254,0.413
105060_2,77702,108245,0.418,185947,0.418
105060_3,76882,107812,0.416,184694,0.416
105060_4,77781,109043,0.416,186824,0.416
105060_5,78496,108555,0.42,187051,0.42
105060_6,77275,108388,0.416,185663,0.416
105060_7,77068,108621,0.415,185689,0.415
105060_8,77621,108108,0.418,185729,0.418
105061_0,92100,93647,0.496,185747,0.496
105061_1,91846,93624,0.495,185470,0.495
105061_2,92681,93236,0.499,185917,0.499
105061_3,91476,94387,0.492,185863,0.492
105061_4,92004,94406,0.494,186410,0.494
105061_5,92733,93335,0.498,186068,0.498
105061_6,91265,94777,0.491,186042,0.491
105061_7,91567,94583,0.492,186150,0.492
105061_8,92164,93694,0.496,185858,0.496
105062_0,69049,117087,0.371,186136,0.371
105062_1,69329,115989,0.374,185318,0.374
105062_2,69091,116458,0.372,185549,0.372
105062_3,70065,117217,0.374,187282,0.374
105062_4,69816,116739,0.374,186555,0.374
105062_5,69781,116964,0.374,186745,0.374
105062_6,69837,116290,0.375,186127,0.375
105062_7,70501,116466,0.377,186967,0.377
105062_8,70179,115586,0.378,185765,0.378
105063_0,93628,92843,0.502,186471,0.502
105063_1,93222,92673,0.501,185895,0.501
105063_2,92522,92724,0.499,185246,0.499
105063_3,93308,93121,0.501,186429,0.501
105063_4,93459,92806,0.502,186265,0.502
105063_5,93100,92781,0.501,185881,0.501
105063_6,93494,92658,0.502,186152,0.502
105063_7,94001,92376,0.504,186377,0.504
105063_8,93492,93307,0.5,186799,0.5
105083_0,89842,95985,0.483,185827,0.483
105083_1,89535,95529,0.484,185064,0.484
105083_2,89852,94871,0.486,184723,0.486
105083_3,90599,95606,0.487,186205,0.487
105083_4,90745,95487,0.487,186232,0.487
105083_5,90504,95335,0.487,185839,0.487
105083_6,90973,95237,0.489,186210,0.489
105083_7,90542,95060,0.488,185602,0.488
105083_8,91143,95400,0.489,186543,0.489
105084_0,76421,109732,0.411,186153,0.411
105084_1,76946,109813,0.412,186759,0.412
105084_2,75655,110578,0.406,186233,0.406
105084_3,75042,111209,0.403,186251,0.403
105084_4,75768,111130,0.405,186898,0.405
105084_5,74942,111381,0.402,186323,0.402
105084_6,74378,112564,0.398,186942,0.398
105084_7,74792,111239,0.402,186031,0.402
105084_8,74264,111553,0.4,185817,0.4
105085_0,99380,86714,0.534,186094,0.534
105085_1,97850,87456,0.528,185306,0.528
105085_2,99123,87592,0.531,186715,0.531
105085_3,98387,87214,0.53,185601,0.53
105085_4,98377,88089,0.528,186466,0.528
105085_5,98532,87381,0.53,185913,0.53
105085_6,98760,87132,0.531,185892,0.531
105085_7,97991,88401,0.526,186392,0.526
105085_8,97340,88123,0.525,185463,0.525
105086_0,89279,97055,0.479,186334,0.479
105086_1,89289,97137,0.479,186426,0.479
105086_2,90097,96462,0.483,186559,0.483
105086_3,90107,96134,0.484,186241,0.484
105086_4,89968,95969,0.484,185937,0.484
105086_5,90936,95996,0.486,186932,0.486
105086_6,90865,95462,0.488,186327,0.488
105086_7,90365,96254,0.484,186619,0.484
105086_8,90397,95178,0.487,185575,0.487
105087_0,88028,98191,0.473,186219,0.473
105087_1,88411,97506,0.476,185917,0.476
105087_2,88145,98248,0.473,186393,0.473
105087_3,87874,98122,0.472,185996,0.472
105087_4,88719,97095,0.477,185814,0.477
105087_5,88570,97791,0.475,186361,0.475
105087_6,88445,97315,0.476,185760,0.476
105087_7,89378,97077,0.479,186455,0.479
105087_8,88729,97524,0.476,186253,0.476
105088_0,90748,95245,0.488,185993,0.488
105088_1,90467,94662,0.489,185129,0.489
105088_2,90178,95771,0.485,185949,0.485
105088_3,90605,94951,0.488,185556,0.488
105088_4,90872,94900,0.489,185772,0.489
105088_5,91197,94939,0.49,186136,0.49
105088_6,91077,94540,0.491,185617,0.491
105088_7,91326,94439,0.492,185765,0.492
105088_8,91608,94446,0.492,186054,0.492
105089_0,105081,81325,0.564,186406,0.564
105089_1,104726,81321,0.563,186047,0.563
105089_2,106059,79883,0.57,185942,0.57
105089_3,104901,81104,0.564,186005,0.564
105089_4,104036,81884,0.56,185920,0.56
105089_5,105912,79839,0.57,185751,0.57
105089_6,105859,79935,0.57,185794,0.57
105089_7,106146,80635,0.568,186781,0.568
105089_8,107425,79135,0.576,186560,0.576
105090_0,90438,95206,0.487,185644,0.487
105090_1,90992,95192,0.489,186184,0.489
105090_2,91240,94689,0.491,185929,0.491
105090_3,90990,95032,0.489,186022,0.489
105090_4,91200,94884,0.49,186084,0.49
105090_5,90679,94688,0.489,185367,0.489
105090_6,91443,94429,0.492,185872,0.492
105090_7,91844,94839,0.492,186683,0.492
105090_8,92123,94186,0.494,186309,0.494
105092_0,74508,111824,0.4,186332,0.4
105092_1,75849,111062,0.406,186911,0.406
105092_2,74341,111918,0.399,186259,0.399
105092_3,73666,112234,0.396,185900,0.396
105092_4,74282,111974,0.399,186256,0.399
105092_5,73920,111730,0.398,185650,0.398
105092_6,74023,111891,0.398,185914,0.398
105092_7,74500,111683,0.4,186183,0.4
105092_8,74094,112696,0.397,186790,0.397
105093_0,87799,98320,0.472,186119,0.472
105093_1,88509,98266,0.474,186775,0.474
105093_2,87860,97477,0.474,185337,0.474
105093_3,87986,98556,0.472,186542,0.472
105093_4,88266,97522,0.475,185788,0.475
105093_5,88320,97431,0.475,185751,0.475
105093_6,89070,98035,0.476,187105,0.476
105093_7,89197,96858,0.479,186055,0.479
105093_8,88941,97412,0.477,186353,0.477
105094_0,86448,99677,0.464,186125,0.464
105094_1,86847,99277,0.467,186124,0.467
105094_2,86380,99339,0.465,185719,0.465
105094_3,86046,100105,0.462,186151,0.462
105094_4,86163,99397,0.464,185560,0.464
105094_5,85977,100061,0.462,186038,0.462
105094_6,87279,99469,0.467,186748,0.467
105094_7,86340,99393,0.465,185733,0.465
105094_8,86557,99648,0.465,186205,0.465
105095_0,89456,95847,0.483,185303,0.483
105095_1,90522,96266,0.485,186788,0.485
105095_2,90648,95729,0.486,186377,0.486
105095_3,90380,96179,0.484,186559,0.484
105095_4,90447,95787,0.486,186234,0.486
105095_5,90483,95655,0.486,186138,0.486
105095_6,91363,95353,0.489,186716,0.489
105095_7,90959,95153,0.489,186112,0.489
105095_8,90875,95017,0.489,185892,0.489
105096_0,100745,85760,0.54,186505,0.54
105096_1,101384,84735,0.545,186119,0.545
105096_2,101994,84312,0.547,186306,0.547
105096_3,103034,83470,0.552,186504,0.552
105096_4,102010,83452,0.55,185462,0.55
105096_5,102223,83124,0.552,185347,0.552
105096_6,102938,83808,0.551,186746,0.551
105096_7,103040,83679,0.552,186719,0.552
105096_8,102493,83764,0.55,186257,0.55
105097_0,88771,97840,0.476,186611,0.476
105097_1,88707,97468,0.476,186175,0.476
105097_2,89321,96966,0.479,186287,0.479
105097_3,89165,96741,0.48,185906,0.48
105097_4,89627,97087,0.48,186714,0.48
105097_5,89452,96106,0.482,185558,0.482
105097_6,89736,96371,0.482,186107,0.482
105097_7,89497,96078,0.482,185575,0.482
105097_8,90009,96019,0.484,186028,0.484
105098_0,72907,112714,0.393,185621,0.393
105098_1,72648,113635,0.39,186283,0.39
105098_2,72914,113564,0.391,186478,0.391
105098_3,73113,113214,0.392,186327,0.392
105098_4,72473,112728,0.391,185201,0.391
105098_5,72638,113761,0.39,186399,0.39
105098_6,72825,113598,0.391,186423,0.391
105098_7,72944,113194,0.392,186138,0.392
105098_8,73046,113132,0.392,186178,0.392
105100_0,74630,111490,0.401,186120,0.401
105100_1,74922,111114,0.403,186036,0.403
105100_2,73974,111712,0.398,185686,0.398
105100_3,69602,116090,0.375,185692,0.375
105100_4,70200,116401,0.376,186601,0.376
105100_5,69174,116766,0.372,185940,0.372
105100_6,69952,116314,0.376,186266,0.376
105100_7,70041,116533,0.375,186574,0.375
105100_8,69843,116166,0.375,186009,0.375
105101_0,90178,95999,0.484,186177,0.484
105101_1,90532,94981,0.488,185513,0.488
105101_2,91474,94982,0.491,186456,0.491
105101_3,90909,95172,0.489,186081,0.489
105101_4,91616,95359,0.49,186975,0.49
105101_5,91283,94648,0.491,185931,0.491
105101_6,91962,95076,0.492,187038,0.492
105101_7,91492,94531,0.492,186023,0.492
105101_8,92345,94018,0.496,186363,0.496
