hero_id,win_count,loss_count,win_loss_ratio,battle_count,win_prob
101001_0,99558,83518,0.544,183076,0.544
101001_1,99519,82958,0.545,182477,0.545
101001_2,99874,82962,0.546,182836,0.546
101001_3,100382,82719,0.548,183101,0.548
101001_4,99560,83014,0.545,182574,0.545
101001_5,99962,83184,0.546,183146,0.546
101001_6,99968,82872,0.547,182840,0.547
101001_7,100021,82877,0.547,182898,0.547
101001_8,99931,82417,0.548,182348,0.548
101002_0,92108,90134,0.505,182242,0.505
101002_1,92465,91373,0.503,183838,0.503
101002_2,92121,90739,0.504,182860,0.504
101002_3,91431,91078,0.501,182509,0.501
101002_4,91984,91683,0.501,183667,0.501
101002_5,90950,91571,0.498,182521,0.498
101002_6,91435,91068,0.501,182503,0.501
101002_7,91962,91176,0.502,183138,0.502
101002_8,91521,91639,0.5,183160,0.5
101008_0,93116,90025,0.508,183141,0.508
101008_1,93203,89724,0.51,182927,0.51
101008_2,93754,89114,0.513,182868,0.513
101008_3,93733,88498,0.514,182231,0.514
101008_4,93605,88506,0.514,182111,0.514
101008_5,94812,87852,0.519,182664,0.519
101008_6,95440,87655,0.521,183095,0.521
101008_7,94436,88368,0.517,182804,0.517
101008_8,95207,87851,0.52,183058,0.52
101010_0,107602,75394,0.588,182996,0.588
101010_1,105552,76401,0.58,181953,0.58
101010_2,107590,74885,0.59,182475,0.59
101010_3,107885,74164,0.593,182049,0.593
101010_4,107017,76413,0.583,183430,0.583
101010_5,107212,75223,0.588,182435,0.588
101010_6,107413,75106,0.589,182519,0.589
101010_7,106341,76250,0.582,182591,0.582
101010_8,106887,75672,0.585,182559,0.585
101011_0,93329,89651,0.51,182980,0.51
101011_1,92938,90069,0.508,183007,0.508
101011_2,93347,89765,0.51,183112,0.51
101011_3,93782,88424,0.515,182206,0.515
101011_4,92990,90001,0.508,182991,0.508
101011_5,93779,88899,0.513,182678,0.513
101011_6,93786,88955,0.513,182741,0.513
101011_7,93799,89205,0.513,183004,0.513
101011_8,94669,88285,0.517,182954,0.517
101012_0,94249,87622,0.518,181871,0.518
101012_1,94896,88673,0.517,183569,0.517
101012_2,94494,88323,0.517,182817,0.517
101012_3,94919,88156,0.518,183075,0.518
101012_4,94261,88394,0.516,182655,0.516
101012_5,93986,88666,0.515,182652,0.515
101012_6,94746,88224,0.518,182970,0.518
101012_7,94079,89315,0.513,183394,0.513
101012_8,94482,88720,0.516,183202,0.516
101013_0,113288,68470,0.623,181758,0.623
101013_1,112117,71131,0.612,183248,0.612
101013_2,114563,68171,0.627,182734,0.627
101013_3,113339,69066,0.621,182405,0.621
101013_4,112157,71041,0.612,183198,0.612
101013_5,114298,68651,0.625,182949,0.625
101013_6,112826,70082,0.617,182908,0.617
101013_7,111144,71562,0.608,182706,0.608
101013_8,113546,68961,0.622,182507,0.622
101018_0,95114,87590,0.521,182704,0.521
101018_1,94773,87876,0.519,182649,0.519
101018_2,94612,88574,0.516,183186,0.516
101018_3,94358,88433,0.516,182791,0.516
101018_4,93276,89179,0.511,182455,0.511
101018_5,94323,88038,0.517,182361,0.517
101018_6,94486,88138,0.517,182624,0.517
101018_7,94211,88684,0.515,182895,0.515
101018_8,95265,87889,0.52,183154,0.52
101019_0,89720,93436,0.49,183156,0.49
101019_1,90197,92413,0.494,182610,0.494
101019_2,89410,92990,0.49,182400,0.49
101019_3,89145,93835,0.487,182980,0.487
101019_4,89525,93455,0.489,182980,0.489
101019_5,89156,93535,0.488,182691,0.488
101019_6,89621,93618,0.489,183239,0.489
101019_7,89067,93437,0.488,182504,0.488
101019_8,89048,93445,0.488,182493,0.488
101020_0,100549,82330,0.55,182879,0.55
101020_1,100213,83268,0.546,183481,0.546
101020_2,101057,81963,0.552,183020,0.552
101020_3,100668,82303,0.55,182971,0.55
101020_4,99993,82618,0.548,182611,0.548
101020_5,101804,81415,0.556,183219,0.556
101020_6,100723,82502,0.55,183225,0.55
101020_7,99824,82165,0.549,181989,0.549
101020_8,101242,81599,0.554,182841,0.554
101021_0,89672,93298,0.49,182970,0.49
101021_1,89366,93587,0.488,182953,0.488
101021_2,89142,93306,0.489,182448,0.489
101021_3,89718,93440,0.49,183158,0.49
101021_4,89417,93639,0.488,183056,0.488
101021_5,89676,93057,0.491,182733,0.491
101021_6,90564,92501,0.495,183065,0.495
101021_7,89732,92432,0.493,182164,0.493
101021_8,89948,93036,0.492,182984,0.492
101023_0,88684,94319,0.485,183003,0.485
101023_1,89417,94147,0.487,183564,0.487
101023_2,88440,94905,0.482,183345,0.482
101023_3,88547,94111,0.485,182658,0.485
101023_4,88868,93981,0.486,182849,0.486
101023_5,88479,93655,0.486,182134,0.486
101023_6,88927,93731,0.487,182658,0.487
101023_7,88456,92990,0.488,181446,0.488
101023_8,89273,92866,0.49,182139,0.49
101024_0,89226,94250,0.486,183476,0.486
101024_1,89698,93289,0.49,182987,0.49
101024_2,88850,94028,0.486,182878,0.486
101024_3,88690,94115,0.485,182805,0.485
101024_4,89459,93508,0.489,182967,0.489
101024_5,88354,94171,0.484,182525,0.484
101024_6,89536,94082,0.488,183618,0.488
101024_7,90093,92852,0.492,182945,0.492
101024_8,89713,93122,0.491,182835,0.491
101025_0,91490,91284,0.501,182774,0.501
101025_1,92001,90628,0.504,182629,0.504
101025_2,92482,90766,0.505,183248,0.505
101025_3,92057,90034,0.506,182091,0.506
101025_4,92900,89734,0.509,182634,0.509
101025_5,92791,90117,0.507,182908,0.507
101025_6,92688,90125,0.507,182813,0.507
101025_7,93513,89481,0.511,182994,0.511
101025_8,93236,89904,0.509,183140,0.509
101026_0,96518,87009,0.526,183527,0.526
101026_1,96483,87035,0.526,183518,0.526
101026_2,96262,87391,0.524,183653,0.524
101026_3,95924,86549,0.526,182473,0.526
101026_4,96125,86752,0.526,182877,0.526
101026_5,96153,86310,0.527,182463,0.527
101026_6,96093,86944,0.525,183037,0.525
101026_7,96394,87281,0.525,183675,0.525
101026_8,95335,87565,0.521,182900,0.521
101027_0,88927,93126,0.488,182053,0.488
101027_1,89697,92544,0.492,182241,0.492
101027_2,88977,93200,0.488,182177,0.488
101027_3,89469,93292,0.49,182761,0.49
101027_4,89570,92993,0.491,182563,0.491
101027_5,89348,93366,0.489,182714,0.489
101027_6,89717,92197,0.493,181914,0.493
101027_7,90453,92387,0.495,182840,0.495
101027_8,90652,91978,0.496,182630,0.496
101031_0,92287,89837,0.507,182124,0.507
101031_1,92166,90533,0.504,182699,0.504
101031_2,93130,89840,0.509,182970,0.509
101031_3,93504,89598,0.511,183102,0.511
101031_4,92287,90767,0.504,183054,0.504
101031_5,92879,89353,0.51,182232,0.51
101031_6,93674,88909,0.513,182583,0.513
101031_7,92670,89443,0.509,182113,0.509
101031_8,94226,89340,0.513,183566,0.513
101032_0,90703,92141,0.496,182844,0.496
101032_1,91116,92043,0.497,183159,0.497
101032_2,89608,92723,0.491,182331,0.491
101032_3,90195,92598,0.493,182793,0.493
101032_4,90708,92575,0.495,183283,0.495
101032_5,89386,92473,0.492,181859,0.492
101032_6,89817,92965,0.491,182782,0.491
101032_7,90283,92429,0.494,182712,0.494
101032_8,90221,92630,0.493,182851,0.493
101033_0,99305,84021,0.542,183326,0.542
101033_1,98457,84335,0.539,182792,0.539
101033_2,98987,83865,0.541,182852,0.541
101033_3,99558,83050,0.545,182608,0.545
101033_4,98038,84123,0.538,182161,0.538
101033_5,99176,83448,0.543,182624,0.543
101033_6,99321,84093,0.542,183414,0.542
101033_7,98296,84277,0.538,182573,0.538
101033_8,99421,83915,0.542,183336,0.542
101034_0,85542,96999,0.469,182541,0.469
101034_1,86084,96591,0.471,182675,0.471
101034_2,85466,96705,0.469,182171,0.469
101034_3,85972,96615,0.471,182587,0.471
101034_4,86058,96954,0.47,183012,0.47
101034_5,86385,96257,0.473,182642,0.473
101034_6,86900,95911,0.475,182811,0.475
101034_7,87051,96033,0.475,183084,0.475
101034_8,86962,95786,0.476,182748,0.476
101035_0,87831,95195,0.48,183026,0.48
101035_1,87560,94532,0.481,182092,0.481
101035_2,88623,94844,0.483,183467,0.483
101035_3,88583,94414,0.484,182997,0.484
101035_4,88290,94148,0.484,182438,0.484
101035_5,89071,93728,0.487,182799,0.487
101035_6,89520,94003,0.488,183523,0.488
101035_7,89179,93412,0.488,182591,0.488
101035_8,89984,92967,0.492,182951,0.492
101036_0,92835,90374,0.507,183209,0.507
101036_1,93480,89367,0.511,182847,0.511
101036_2,92914,89842,0.508,182756,0.508
101036_3,92125,89241,0.508,181366,0.508
101036_4,93245,90156,0.508,183401,0.508
101036_5,93590,89802,0.51,183392,0.51
101036_6,92869,89843,0.508,182712,0.508
101036_7,93612,89470,0.511,183082,0.511
101036_8,93314,89849,0.509,183163,0.509
101038_0,94337,88650,0.516,182987,0.516
101038_1,94238,88474,0.516,182712,0.516
101038_2,93979,88269,0.516,182248,0.516
101038_3,93944,88537,0.515,182481,0.515
101038_4,93555,88685,0.513,182240,0.513
101038_5,94144,89027,0.514,183171,0.514
101038_6,94535,88588,0.516,183123,0.516
101038_7,93727,88850,0.513,182577,0.513
101038_8,93634,88332,0.515,181966,0.515
101039_0,95380,86885,0.523,182265,0.523
101039_1,98111,84782,0.536,182893,0.536
101039_2,94456,88191,0.517,182647,0.517
101039_3,92713,89324,0.509,182037,0.509
101039_4,95421,87173,0.523,182594,0.523
101039_5,91636,90367,0.503,182003,0.503
101039_6,91895,91077,0.502,182972,0.502
101039_7,94156,89225,0.513,183381,0.513
101039_8,91615,91819,0.499,183434,0.499
101040_0,83003,99446,0.455,182449,0.455
101040_1,82836,99130,0.455,181966,0.455
101040_2,82788,99737,0.454,182525,0.454
101040_3,82873,99808,0.454,182681,0.454
101040_4,82194,100523,0.45,182717,0.45
101040_5,82471,100517,0.451,182988,0.451
101040_6,81617,101897,0.445,183514,0.445
101040_7,81741,100950,0.447,182691,0.447
101040_8,81699,100778,0.448,182477,0.448
101041_0,89526,93104,0.49,182630,0.49
101041_1,89645,92973,0.491,182618,0.491
101041_2,88827,93331,0.488,182158,0.488
101041_3,88054,93795,0.484,181849,0.484
101041_4,89523,92716,0.491,182239,0.491
101041_5,89981,93315,0.491,183296,0.491
101041_6,89313,93264,0.489,182577,0.489
101041_7,90668,92281,0.496,182949,0.496
101041_8,90173,92758,0.493,182931,0.493
101042_0,80737,102195,0.441,182932,0.441
101042_1,82213,101134,0.448,183347,0.448
101042_2,80231,102297,0.44,182528,0.44
101042_3,79887,102892,0.437,182779,0.437
101042_4,80638,102071,0.441,182709,0.441
101042_5,79945,102932,0.437,182877,0.437
101042_6,79521,103442,0.435,182963,0.435
101042_7,80923,102004,0.442,182927,0.442
101042_8,79701,103122,0.436,182823,0.436
101043_0,97811,84762,0.536,182573,0.536
101043_1,98047,84773,0.536,182820,0.536
101043_2,98923,84155,0.54,183078,0.54
101043_3,97928,84728,0.536,182656,0.536
101043_4,98060,84688,0.537,182748,0.537
101043_5,99165,83848,0.542,183013,0.542
101043_6,99270,83820,0.542,183090,0.542
101043_7,98536,83737,0.541,182273,0.541
101043_8,99781,83163,0.545,182944,0.545
101044_0,106070,76846,0.58,182916,0.58
101044_1,105683,76395,0.58,182078,0.58
101044_2,105036,77226,0.576,182262,0.576
101044_3,105024,77990,0.574,183014,0.574
101044_4,104865,78394,0.572,183259,0.572
101044_5,103482,79060,0.567,182542,0.567
101044_6,103291,79269,0.566,182560,0.566
101044_7,103207,79795,0.564,183002,0.564
101044_8,102215,80509,0.559,182724,0.559
101045_0,92398,90246,0.506,182644,0.506
101045_1,93083,89871,0.509,182954,0.509
101045_2,92146,90557,0.504,182703,0.504
101045_3,92546,90280,0.506,182826,0.506
101045_4,92266,89953,0.506,182219,0.506
101045_5,91849,90005,0.505,181854,0.505
101045_6,92682,90097,0.507,182779,0.507
101045_7,92558,89468,0.508,182026,0.508
101045_8,92666,90104,0.507,182770,0.507
101046_0,87865,94527,0.482,182392,0.482
101046_1,88163,94397,0.483,182560,0.483
101046_2,88043,94326,0.483,182369,0.483
101046_3,88198,94313,0.483,182511,0.483
101046_4,88576,93954,0.485,182530,0.485
101046_5,88674,93430,0.487,182104,0.487
101046_6,89135,92995,0.489,182130,0.489
101046_7,89759,93833,0.489,183592,0.489
101046_8,90093,92633,0.493,182726,0.493
101049_0,93856,88986,0.513,182842,0.513
101049_1,94562,88103,0.518,182665,0.518
101049_2,94041,88727,0.515,182768,0.515
101049_3,93944,89001,0.514,182945,0.514
101049_4,94328,87960,0.517,182288,0.517
101049_5,94959,88338,0.518,183297,0.518
101049_6,94534,88126,0.518,182660,0.518
101049_7,95943,86897,0.525,182840,0.525
101049_8,95140,87819,0.52,182959,0.52
101051_0,93331,89511,0.51,182842,0.51
101051_1,93385,89462,0.511,182847,0.511
101051_2,93128,89522,0.51,182650,0.51
101051_3,92781,90606,0.506,183387,0.506
101051_4,93087,89417,0.51,182504,0.51
101051_5,92908,89494,0.509,182402,0.509
101051_6,92728,89560,0.509,182288,0.509
101051_7,93545,89493,0.511,183038,0.511
101051_8,93323,89200,0.511,182523,0.511
101060_0,77647,105335,0.424,182982,0.424
101060_1,77244,105806,0.422,183050,0.422
101060_2,78811,104201,0.431,183012,0.431
101060_3,78166,104740,0.427,182906,0.427
101060_4,77930,104786,0.427,182716,0.427
101060_5,78410,103850,0.43,182260,0.43
101060_6,78370,104225,0.429,182595,0.429
101060_7,76915,105343,0.422,182258,0.422
101060_8,78182,104398,0.428,182580,0.428
101061_0,85351,97773,0.466,183124,0.466
101061_1,85013,96658,0.468,181671,0.468
101061_2,85121,96995,0.467,182116,0.467
101061_3,85230,97390,0.467,182620,0.467
101061_4,85705,97179,0.469,182884,0.469
101061_5,85149,98134,0.465,183283,0.465
101061_6,84823,97818,0.464,182641,0.464
101061_7,84506,97684,0.464,182190,0.464
101061_8,84454,98468,0.462,182922,0.462
101062_0,74723,108694,0.407,183417,0.407
101062_1,74024,108382,0.406,182406,0.406
101062_2,74819,108413,0.408,183232,0.408
101062_3,73943,108741,0.405,182684,0.405
101062_4,74337,108644,0.406,182981,0.406
101062_5,74701,107885,0.409,182586,0.409
101062_6,74737,108885,0.407,183622,0.407
101062_7,74948,108198,0.409,183146,0.409
101062_8,74845,108367,0.409,183212,0.409
101063_0,94339,87990,0.517,182329,0.517
101063_1,94259,88023,0.517,182282,0.517
101063_2,95153,87673,0.52,182826,0.52
101063_3,94808,87974,0.519,182782,0.519
101063_4,94948,87865,0.519,182813,0.519
101063_5,94850,88137,0.518,182987,0.518
101063_6,94083,88326,0.516,182409,0.516
101063_7,94859,88090,0.518,182949,0.518
101063_8,94586,87897,0.518,182483,0.518
101083_0,88459,93829,0.485,182288,0.485
101083_1,89369,93944,0.488,183313,0.488
101083_2,89131,93625,0.488,182756,0.488
101083_3,89583,93482,0.489,183065,0.489
101083_4,89458,93328,0.489,182786,0.489
101083_5,89671,93003,0.491,182674,0.491
101083_6,89907,92296,0.493,182203,0.493
101083_7,89631,92815,0.491,182446,0.491
101083_8,90092,92623,0.493,182715,0.493
101084_0,76056,106969,0.416,183025,0.416
101084_1,75589,106737,0.415,182326,0.415
101084_2,75583,107281,0.413,182864,0.413
101084_3,75122,107473,0.411,182595,0.411
101084_4,75938,108009,0.413,183947,0.413
101084_5,75111,107719,0.411,182830,0.411
101084_6,75231,108135,0.41,183366,0.41
101084_7,75619,107041,0.414,182660,0.414
101084_8,75309,108004,0.411,183313,0.411
101085_0,92267,90057,0.506,182324,0.506
101085_1,92545,90473,0.506,183018,0.506
101085_2,92201,90873,0.504,183074,0.504
101085_3,92380,91005,0.504,183385,0.504
101085_4,91967,90845,0.503,182812,0.503
101085_5,91490,90783,0.502,182273,0.502
101085_6,91850,90960,0.502,182810,0.502
101085_7,91127,91270,0.5,182397,0.5
101085_8,91474,91240,0.501,182714,0.501
101086_0,88936,93713,0.487,182649,0.487
101086_1,89054,94120,0.486,183174,0.486
101086_2,89742,93405,0.49,183147,0.49
101086_3,89171,93659,0.488,182830,0.488
101086_4,89198,92963,0.49,182161,0.49
101086_5,89986,92975,0.492,182961,0.492
101086_6,89736,93262,0.49,182998,0.49
101086_7,89903,92886,0.492,182789,0.492
101086_8,90560,92360,0.495,182920,0.495
101087_0,91070,92512,0.496,183582,0.496
101087_1,91923,91298,0.502,183221,0.502
101087_2,90774,91766,0.497,182540,0.497
101087_3,91129,91936,0.498,183065,0.498
101087_4,91904,90970,0.503,182874,0.503
101087_5,91171,91295,0.5,182466,0.5
101087_6,91149,91620,0.499,182769,0.499
101087_7,92506,90699,0.505,183205,0.505
101087_8,91474,91519,0.5,182993,0.5
101088_0,92393,90579,0.505,182972,0.505
101088_1,93031,90069,0.508,183100,0.508
101088_2,91952,91096,0.502,183048,0.502
101088_3,91969,90687,0.504,182656,0.504
101088_4,93384,89956,0.509,183340,0.509
101088_5,92736,89820,0.508,182556,0.508
101088_6,92832,89701,0.509,182533,0.509
101088_7,93791,88999,0.513,182790,0.513
101088_8,92910,89228,0.51,182138,0.51
101089_0,111765,71106,0.611,182871,0.611
101089_1,110341,71644,0.606,181985,0.606
101089_2,113129,69878,0.618,183007,0.618
101089_3,111970,70664,0.613,182634,0.613
101089_4,111296,70818,0.611,182114,0.611
101089_5,113856,69697,0.62,183553,0.62
101089_6,114121,69501,0.621,183622,0.621
101089_7,113786,69681,0.62,183467,0.62
101089_8,115101,67948,0.629,183049,0.629
101090_0,89869,93096,0.491,182965,0.491
101090_1,89555,92768,0.491,182323,0.491
101090_2,89228,93428,0.489,182656,0.489
101090_3,89384,93073,0.49,182457,0.49
101090_4,90080,92890,0.492,182970,0.492
101090_5,90253,93050,0.492,183303,0.492
101090_6,89999,93401,0.491,183400,0.491
101090_7,90006,92382,0.493,182388,0.493
101090_8,90123,92604,0.493,182727,0.493
101092_0,72935,109899,0.399,182834,0.399
101092_1,72666,109857,0.398,182523,0.398
101092_2,72842,109630,0.399,182472,0.399
101092_3,73050,109619,0.4,182669,0.4
101092_4,73249,110198,0.399,183447,0.399
101092_5,72982,109668,0.4,182650,0.4
101092_6,73813,109241,0.403,183054,0.403
101092_7,73591,109067,0.403,182658,0.403
101092_8,73536,109134,0.403,182670,0.403
101093_0,89609,94397,0.487,184006,0.487
101093_1,90004,93305,0.491,183309,0.491
101093_2,89257,93399,0.489,182656,0.489
101093_3,88834,93932,0.486,182766,0.486
101093_4,89460,93290,0.49,182750,0.49
101093_5,89579,93584,0.489,183163,0.489
101093_6,89339,93812,0.488,183151,0.488
101093_7,89974,92635,0.493,182609,0.493
101093_8,88899,92355,0.49,181254,0.49
101094_0,85930,96317,0.472,182247,0.472
101094_1,87063,95866,0.476,182929,0.476
101094_2,86267,96521,0.472,182788,0.472
101094_3,85709,97299,0.468,183008,0.468
101094_4,86396,96491,0.472,182887,0.472
101094_5,85132,96675,0.468,181807,0.468
101094_6,85419,97671,0.467,183090,0.467
101094_7,85935,96870,0.47,182805,0.47
101094_8,84671,97962,0.464,182633,0.464
101095_0,89167,91998,0.492,181165,0.492
101095_1,91152,91528,0.499,182680,0.499
101095_2,90583,92200,0.496,182783,0.496
101095_3,90311,92392,0.494,182703,0.494
101095_4,90865,91222,0.499,182087,0.499
101095_5,90081,92251,0.494,182332,0.494
101095_6,90784,92529,0.495,183313,0.495
101095_7,90908,92036,0.497,182944,0.497
101095_8,90942,92282,0.496,183224,0.496
101096_0,105812,77187,0.578,182999,0.578
101096_1,106817,75788,0.585,182605,0.585
101096_2,108342,74794,0.592,183136,0.592
101096_3,109150,73803,0.597,182953,0.597
101096_4,108248,74095,0.594,182343,0.594
101096_5,109199,73606,0.597,182805,0.597
101096_6,109123,74087,0.596,183210,0.596
101096_7,108179,74225,0.593,182404,0.593
101096_8,108593,73992,0.595,182585,0.595
101097_0,89709,93611,0.489,183320,0.489
101097_1,89723,92825,0.492,182548,0.492
101097_2,89680,92725,0.492,182405,0.492
101097_3,89767,92570,0.492,182337,0.492
101097_4,89937,92660,0.493,182597,0.493
101097_5,90960,92440,0.496,183400,0.496
101097_6,90951,91955,0.497,182906,0.497
101097_7,90469,91631,0.497,182100,0.497
101097_8,91409,91312,0.5,182721,0.5
101098_0,76947,105846,0.421,182793,0.421
101098_1,76302,106785,0.417,183087,0.417
101098_2,76111,106766,0.416,182877,0.416
101098_3,76914,105994,0.421,182908,0.421
101098_4,76110,106468,0.417,182578,0.417
101098_5,76598,106645,0.418,183243,0.418
101098_6,76579,105643,0.42,182222,0.42
101098_7,75989,106627,0.416,182616,0.416
101098_8,75650,106804,0.415,182454,0.415
101100_0,76566,106067,0.419,182633,0.419
101100_1,76530,106786,0.417,183316,0.417
101100_2,75841,106417,0.416,182258,0.416
101100_3,75076,107092,0.412,182168,0.412
101100_4,75602,107166,0.414,182768,0.414
101100_5,75589,107297,0.413,182886,0.413
101100_6,74135,108060,0.407,182195,0.407
101100_7,75263,107543,0.412,182806,0.412
101100_8,73801,107743,0.407,181544,0.407
101101_0,91508,91325,0.501,182833,0.501
101101_1,91913,90455,0.504,182368,0.504
101101_2,93571,89571,0.511,183142,0.511
101101_3,92795,90329,0.507,183124,0.507
101101_4,92782,89622,0.509,182404,0.509
101101_5,92585,89512,0.508,182097,0.508
101101_6,92908,89685,0.509,182593,0.509
101101_7,93491,89199,0.512,182690,0.512
101101_8,94181,89471,0.513,183652,0.513
