hero_id,win_count,loss_count,win_loss_ratio,battle_count,win_prob
110001_0,68751,63483,0.52,132234,0.52
110001_1,68056,63021,0.519,131077,0.519
110001_2,68403,63457,0.519,131860,0.519
110001_3,68067,63632,0.517,131699,0.517
110001_4,67822,64225,0.514,132047,0.514
110001_5,67903,63680,0.516,131583,0.516
110001_6,67701,63931,0.514,131632,0.514
110001_7,67721,64485,0.512,132206,0.512
110001_8,67537,64022,0.513,131559,0.513
110002_0,66288,65640,0.502,131928,0.502
110002_1,66742,65076,0.506,131818,0.506
110002_2,66970,64596,0.509,131566,0.509
110002_3,66697,65341,0.505,132038,0.505
110002_4,66721,65470,0.505,132191,0.505
110002_5,66368,65351,0.504,131719,0.504
110002_6,66863,64547,0.509,131410,0.509
110002_7,66890,64813,0.508,131703,0.508
110002_8,67359,64636,0.51,131995,0.51
110008_0,81579,50396,0.618,131975,0.618
110008_1,81453,50936,0.615,132389,0.615
110008_2,82638,49660,0.625,132298,0.625
110008_3,82092,48756,0.627,130848,0.627
110008_4,82538,50130,0.622,132668,0.622
110008_5,82988,48744,0.63,131732,0.63
110008_6,82977,48741,0.63,131718,0.63
110008_7,81858,49172,0.625,131030,0.625
110008_8,83657,48148,0.635,131805,0.635
110010_0,67345,64475,0.511,131820,0.511
110010_1,66259,65318,0.504,131577,0.504
110010_2,67183,64800,0.509,131983,0.509
110010_3,66636,64638,0.508,131274,0.508
110010_4,66243,65752,0.502,131995,0.502
110010_5,66836,64737,0.508,131573,0.508
110010_6,66793,64664,0.508,131457,0.508
110010_7,66556,65813,0.503,132369,0.503
110010_8,66573,64629,0.507,131202,0.507
110011_0,67447,63577,0.515,131024,0.515
110011_1,67536,64227,0.513,131763,0.513
110011_2,68010,63849,0.516,131859,0.516
110011_3,68210,63837,0.517,132047,0.517
110011_4,67882,64114,0.514,131996,0.514
110011_5,67719,63840,0.515,131559,0.515
110011_6,68723,64119,0.517,132842,0.517
110011_7,68064,63860,0.516,131924,0.516
110011_8,67301,64253,0.512,131554,0.512
110012_0,69328,63019,0.524,132347,0.524
110012_1,68278,63463,0.518,131741,0.518
110012_2,68717,62818,0.522,131535,0.522
110012_3,68362,63760,0.517,132122,0.517
110012_4,68024,63565,0.517,131589,0.517
110012_5,68236,63116,0.519,131352,0.519
110012_6,68166,63409,0.518,131575,0.518
110012_7,67606,63267,0.517,130873,0.517
110012_8,67817,63467,0.517,131284,0.517
110013_0,76877,55176,0.582,132053,0.582
110013_1,75428,56143,0.573,131571,0.573
110013_2,76488,55537,0.579,132025,0.579
110013_3,75255,56973,0.569,132228,0.569
110013_4,74131,57282,0.564,131413,0.564
110013_5,75210,56517,0.571,131727,0.571
110013_6,74209,57128,0.565,131337,0.565
110013_7,74338,58495,0.56,132833,0.56
110013_8,74882,57317,0.566,132199,0.566
110018_0,65086,66605,0.494,131691,0.494
110018_1,64780,66923,0.492,131703,0.492
110018_2,64907,67101,0.492,132008,0.492
110018_3,64014,67734,0.486,131748,0.486
110018_4,63537,68449,0.481,131986,0.481
110018_5,63651,67708,0.485,131359,0.485
110018_6,63972,68539,0.483,132511,0.483
110018_7,63346,68228,0.481,131574,0.481
110018_8,63588,67841,0.484,131429,0.484
110019_0,62806,69079,0.476,131885,0.476
110019_1,62607,68813,0.476,131420,0.476
110019_2,63436,68678,0.48,132114,0.48
110019_3,63352,68728,0.48,132080,0.48
110019_4,63609,68623,0.481,132232,0.481
110019_5,63102,68098,0.481,131200,0.481
110019_6,62916,68435,0.479,131351,0.479
110019_7,63403,69003,0.479,132406,0.479
110019_8,63693,68252,0.483,131945,0.483
110020_0,74880,56106,0.572,130986,0.572
110020_1,73986,57761,0.562,131747,0.562
110020_2,75563,56792,0.571,132355,0.571
110020_3,74148,57972,0.561,132120,0.561
110020_4,73445,58755,0.556,132200,0.556
110020_5,74814,57287,0.566,132101,0.566
110020_6,73485,57899,0.559,131384,0.559
110020_7,73070,58956,0.553,132026,0.553
110020_8,74276,56964,0.566,131240,0.566
110021_0,83130,48155,0.633,131285,0.633
110021_1,83508,48100,0.635,131608,0.635
110021_2,83805,48539,0.633,132344,0.633
110021_3,82985,48052,0.633,131037,0.633
110021_4,83650,48632,0.632,132282,0.632
110021_5,83242,48587,0.631,131829,0.631
110021_6,83722,48328,0.634,132050,0.634
110021_7,83347,48085,0.634,131432,0.634
110021_8,84031,47551,0.639,131582,0.639
110023_0,59464,72033,0.452,131497,0.452
110023_1,60080,71615,0.456,131695,0.456
110023_2,60133,71302,0.458,131435,0.458
110023_3,59790,72185,0.453,131975,0.453
110023_4,60682,71310,0.46,131992,0.46
110023_5,60697,71693,0.458,132390,0.458
110023_6,60716,71442,0.459,132158,0.459
110023_7,60714,71303,0.46,132017,0.46
110023_8,60971,70920,0.462,131891,0.462
110024_0,62898,69154,0.476,132052,0.476
110024_1,62903,69057,0.477,131960,0.477
110024_2,62988,68828,0.478,131816,0.478
110024_3,62963,69099,0.477,132062,0.477
110024_4,63014,68495,0.479,131509,0.479
110024_5,63294,69000,0.478,132294,0.478
110024_6,63068,68738,0.478,131806,0.478
110024_7,63361,68356,0.481,131717,0.481
110024_8,63467,68238,0.482,131705,0.482
110025_0,67034,64929,0.508,131963,0.508
110025_1,66914,65050,0.507,131964,0.507
110025_2,67511,63957,0.514,131468,0.514
110025_3,67212,63950,0.512,131162,0.512
110025_4,67478,64337,0.512,131815,0.512
110025_5,67535,63948,0.514,131483,0.514
110025_6,67950,64127,0.514,132077,0.514
110025_7,67316,64529,0.511,131845,0.511
110025_8,67671,64327,0.513,131998,0.513
110026_0,74853,56939,0.568,131792,0.568
110026_1,74509,57222,0.566,131731,0.566
110026_2,74578,56885,0.567,131463,0.567
110026_3,74689,56918,0.568,131607,0.568
110026_4,73897,57443,0.563,131340,0.563
110026_5,74370,57746,0.563,132116,0.563
110026_6,74224,57760,0.562,131984,0.562
110026_7,73831,57950,0.56,131781,0.56
110026_8,73924,57512,0.562,131436,0.562
110027_0,84314,47911,0.638,132225,0.638
110027_1,84804,47285,0.642,132089,0.642
110027_2,84260,47678,0.639,131938,0.639
110027_3,83873,47619,0.638,131492,0.638
110027_4,84568,47223,0.642,131791,0.642
110027_5,84195,47268,0.64,131463,0.64
110027_6,85065,47145,0.643,132210,0.643
110027_7,85609,47064,0.645,132673,0.645
110027_8,84692,46647,0.645,131339,0.645
110031_0,65149,66915,0.493,132064,0.493
110031_1,64498,67441,0.489,131939,0.489
110031_2,64180,66698,0.49,130878,0.49
110031_3,63912,67690,0.486,131602,0.486
110031_4,64508,67374,0.489,131882,0.489
110031_5,64137,67258,0.488,131395,0.488
110031_6,64436,67318,0.489,131754,0.489
110031_7,64302,67601,0.487,131903,0.487
110031_8,64397,66835,0.491,131232,0.491
110032_0,61858,69550,0.471,131408,0.471
110032_1,61911,69571,0.471,131482,0.471
110032_2,61506,69882,0.468,131388,0.468
110032_3,61758,70152,0.468,131910,0.468
110032_4,61551,70391,0.467,131942,0.467
110032_5,61510,70070,0.467,131580,0.467
110032_6,60855,70649,0.463,131504,0.463
110032_7,61697,70098,0.468,131795,0.468
110032_8,61280,69883,0.467,131163,0.467
110033_0,73989,58139,0.56,132128,0.56
110033_1,72496,59435,0.549,131931,0.549
110033_2,73666,58545,0.557,132211,0.557
110033_3,73203,58909,0.554,132112,0.554
110033_4,72249,59668,0.548,131917,0.548
110033_5,73399,58441,0.557,131840,0.557
110033_6,73596,58573,0.557,132169,0.557
110033_7,71830,59434,0.547,131264,0.547
110033_8,73434,58586,0.556,132020,0.556
110034_0,60051,71344,0.457,131395,0.457
110034_1,60122,71717,0.456,131839,0.456
110034_2,60604,71226,0.46,131830,0.46
110034_3,61285,70748,0.464,132033,0.464
110034_4,60695,70915,0.461,131610,0.461
110034_5,61147,70852,0.463,131999,0.463
110034_6,61601,69991,0.468,131592,0.468
110034_7,61685,70792,0.466,132477,0.466
110034_8,61530,70017,0.468,131547,0.468
110035_0,62614,69504,0.474,132118,0.474
110035_1,62168,69206,0.473,131374,0.473
110035_2,62440,69492,0.473,131932,0.473
110035_3,63000,68851,0.478,131851,0.478
110035_4,62624,68468,0.478,131092,0.478
110035_5,62782,68276,0.479,131058,0.479
110035_6,63363,68665,0.48,132028,0.48
110035_7,63152,69120,0.477,132272,0.477
110035_8,63160,68053,0.481,131213,0.481
110036_0,88034,43631,0.669,131665,0.669
110036_1,88082,43825,0.668,131907,0.668
110036_2,88729,43135,0.673,131864,0.673
110036_3,88111,43709,0.668,131820,0.668
110036_4,87829,43640,0.668,131469,0.668
110036_5,88302,43374,0.671,131676,0.671
110036_6,88346,43914,0.668,132260,0.668
110036_7,87971,43919,0.667,131890,0.667
110036_8,88722,43328,0.672,132050,0.672
110038_0,67300,64495,0.511,131795,0.511
110038_1,67432,64403,0.511,131835,0.511
110038_2,67295,64585,0.51,131880,0.51
110038_3,67689,63387,0.516,131076,0.516
110038_4,67057,64721,0.509,131778,0.509
110038_5,67212,64688,0.51,131900,0.51
110038_6,67590,64673,0.511,132263,0.511
110038_7,66288,64382,0.507,130670,0.507
110038_8,66880,64583,0.509,131463,0.509
110039_0,68738,63414,0.52,132152,0.52
110039_1,70961,60701,0.539,131662,0.539
110039_2,67708,64288,0.513,131996,0.513
110039_3,67064,65044,0.508,132108,0.508
110039_4,69164,62807,0.524,131971,0.524
110039_5,66037,65843,0.501,131880,0.501
110039_6,66350,65294,0.504,131644,0.504
110039_7,67292,63722,0.514,131014,0.514
110039_8,65718,66154,0.498,131872,0.498
110040_0,59549,72689,0.45,132238,0.45
110040_1,58322,73415,0.443,131737,0.443
110040_2,58851,72732,0.447,131583,0.447
110040_3,57950,74404,0.438,132354,0.438
110040_4,57185,74566,0.434,131751,0.434
110040_5,57665,74362,0.437,132027,0.437
110040_6,56527,74436,0.432,130963,0.432
110040_7,56649,76073,0.427,132722,0.427
110040_8,56579,75752,0.428,132331,0.428
110041_0,62148,69566,0.472,131714,0.472
110041_1,62586,69379,0.474,131965,0.474
110041_2,62114,69674,0.471,131788,0.471
110041_3,61988,69412,0.472,131400,0.472
110041_4,62275,68846,0.475,131121,0.475
110041_5,61959,69410,0.472,131369,0.472
110041_6,62340,69766,0.472,132106,0.472
110041_7,62553,69578,0.473,132131,0.473
110041_8,62770,69475,0.475,132245,0.475
110042_0,59909,71591,0.456,131500,0.456
110042_1,62202,69869,0.471,132071,0.471
110042_2,59502,73413,0.448,132915,0.448
110042_3,59052,73386,0.446,132438,0.446
110042_4,60615,71071,0.46,131686,0.46
110042_5,57029,74507,0.434,131536,0.434
110042_6,57532,74567,0.436,132099,0.436
110042_7,59309,71862,0.452,131171,0.452
110042_8,56634,75027,0.43,131661,0.43
110043_0,66087,65802,0.501,131889,0.501
110043_1,66689,65104,0.506,131793,0.506
110043_2,66259,65798,0.502,132057,0.502
110043_3,66019,65952,0.5,131971,0.5
110043_4,66292,65304,0.504,131596,0.504
110043_5,66487,65756,0.503,132243,0.503
110043_6,66693,65276,0.505,131969,0.505
110043_7,66496,64472,0.508,130968,0.508
110043_8,66155,65719,0.502,131874,0.502
110044_0,70554,61437,0.535,131991,0.535
110044_1,70675,61718,0.534,132393,0.534
110044_2,70823,60719,0.538,131542,0.538
110044_3,71025,60873,0.538,131898,0.538
110044_4,70541,60803,0.537,131344,0.537
110044_5,71133,61095,0.538,132228,0.538
110044_6,70892,60776,0.538,131668,0.538
110044_7,70554,61083,0.536,131637,0.536
110044_8,71130,61170,0.538,132300,0.538
110045_0,64175,67428,0.488,131603,0.488
110045_1,64308,67480,0.488,131788,0.488
110045_2,64442,67627,0.488,132069,0.488
110045_3,64216,67627,0.487,131843,0.487
110045_4,63869,67236,0.487,131105,0.487
110045_5,64457,67378,0.489,131835,0.489
110045_6,64009,67085,0.488,131094,0.488
110045_7,64737,67124,0.491,131861,0.491
110045_8,65009,66956,0.493,131965,0.493
110046_0,61526,70594,0.466,132120,0.466
110046_1,61449,70099,0.467,131548,0.467
110046_2,61692,69978,0.469,131670,0.469
110046_3,61806,69811,0.47,131617,0.47
110046_4,61666,70054,0.468,131720,0.468
110046_5,62160,69216,0.473,131376,0.473
110046_6,62171,69859,0.471,132030,0.471
110046_7,61820,69425,0.471,131245,0.471
110046_8,62534,69700,0.473,132234,0.473
110049_0,68231,63546,0.518,131777,0.518
110049_1,68415,62855,0.521,131270,0.521
110049_2,69058,62747,0.524,131805,0.524
110049_3,68426,62843,0.521,131269,0.521
110049_4,69304,62782,0.525,132086,0.525
110049_5,69211,62421,0.526,131632,0.526
110049_6,68947,62091,0.526,131038,0.526
110049_7,69687,62433,0.527,132120,0.527
110049_8,69338,62262,0.527,131600,0.527
110051_0,64686,66752,0.492,131438,0.492
110051_1,64814,66929,0.492,131743,0.492
110051_2,64974,66458,0.494,131432,0.494
110051_3,65083,66522,0.495,131605,0.495
110051_4,64840,66690,0.493,131530,0.493
110051_5,65633,66688,0.496,132321,0.496
110051_6,64934,66615,0.494,131549,0.494
110051_7,65457,66241,0.497,131698,0.497
110051_8,65138,67080,0.493,132218,0.493
110060_0,55386,76218,0.421,131604,0.421
110060_1,55456,76629,0.42,132085,0.42
110060_2,56296,75819,0.426,132115,0.426
110060_3,55871,76020,0.424,131891,0.424
110060_4,55160,76299,0.42,131459,0.42
110060_5,55929,76300,0.423,132229,0.423
110060_6,55143,76403,0.419,131546,0.419
110060_7,55163,76882,0.418,132045,0.418
110060_8,55396,76615,0.42,132011,0.42
110061_0,63050,68707,0.479,131757,0.479
110061_1,62799,68942,0.477,131741,0.477
110061_2,63255,69284,0.477,132539,0.477
110061_3,62297,69607,0.472,131904,0.472
110061_4,62444,69774,0.472,132218,0.472
110061_5,62904,68949,0.477,131853,0.477
110061_6,62025,69585,0.471,131610,0.471
110061_7,61853,69799,0.47,131652,0.47
110061_8,62531,69217,0.475,131748,0.475
110062_0,45905,85473,0.349,131378,0.349
110062_1,45928,86099,0.348,132027,0.348
110062_2,46166,85325,0.351,131491,0.351
110062_3,54446,78337,0.41,132783,0.41
110062_4,53865,77459,0.41,131324,0.41
110062_5,54467,76882,0.415,131349,0.415
110062_6,59465,72148,0.452,131613,0.452
110062_7,58563,72839,0.446,131402,0.446
110062_8,60088,71782,0.456,131870,0.456
110063_0,64926,66470,0.494,131396,0.494
110063_1,65205,66245,0.496,131450,0.496
110063_2,65400,66137,0.497,131537,0.497
110063_3,65303,66234,0.496,131537,0.496
110063_4,65516,66372,0.497,131888,0.497
110063_5,65451,66341,0.497,131792,0.497
110063_6,65419,66182,0.497,131601,0.497
110063_7,65887,66242,0.499,132129,0.499
110063_8,65137,66164,0.496,131301,0.496
110083_0,70916,61206,0.537,132122,0.537
110083_1,69839,62210,0.529,132049,0.529
110083_2,70266,60992,0.535,131258,0.535
110083_3,70799,60741,0.538,131540,0.538
110083_4,70733,61739,0.534,132472,0.534
110083_5,70823,60973,0.537,131796,0.537
110083_6,71092,61688,0.535,132780,0.535
110083_7,70584,61737,0.533,132321,0.533
110083_8,70721,60699,0.538,131420,0.538
110084_0,51984,80194,0.393,132178,0.393
110084_1,52707,79068,0.4,131775,0.4
110084_2,51898,79513,0.395,131411,0.395
110084_3,51017,80672,0.387,131689,0.387
110084_4,51789,80903,0.39,132692,0.39
110084_5,51209,80117,0.39,131326,0.39
110084_6,51311,81125,0.387,132436,0.387
110084_7,51970,79660,0.395,131630,0.395
110084_8,51613,80372,0.391,131985,0.391
110085_0,73961,57775,0.561,131736,0.561
110085_1,72116,59256,0.549,131372,0.549
110085_2,73372,57923,0.559,131295,0.559
110085_3,73565,58050,0.559,131615,0.559
110085_4,72389,59311,0.55,131700,0.55
110085_5,73141,58746,0.555,131887,0.555
110085_6,72981,58218,0.556,131199,0.556
110085_7,72217,59904,0.547,132121,0.547
110085_8,73042,58984,0.553,132026,0.553
110086_0,60668,71299,0.46,131967,0.46
110086_1,60598,71101,0.46,131699,0.46
110086_2,60849,71077,0.461,131926,0.461
110086_3,60970,71024,0.462,131994,0.462
110086_4,61078,70888,0.463,131966,0.463
110086_5,61364,70621,0.465,131985,0.465
110086_6,61290,70296,0.466,131586,0.466
110086_7,61252,70245,0.466,131497,0.466
110086_8,61856,70373,0.468,132229,0.468
110087_0,60965,70589,0.463,131554,0.463
110087_1,61155,70852,0.463,132007,0.463
110087_2,61219,70234,0.466,131453,0.466
110087_3,61245,70970,0.463,132215,0.463
110087_4,61307,69988,0.467,131295,0.467
110087_5,61025,70638,0.463,131663,0.463
110087_6,61433,70389,0.466,131822,0.466
110087_7,61525,70275,0.467,131800,0.467
110087_8,61347,70481,0.465,131828,0.465
110088_0,73941,57847,0.561,131788,0.561
110088_1,73814,57123,0.564,130937,0.564
110088_2,73894,57947,0.56,131841,0.56
110088_3,74080,57956,0.561,132036,0.561
110088_4,74325,57442,0.564,131767,0.564
110088_5,73795,57676,0.561,131471,0.561
110088_6,74588,57651,0.564,132239,0.564
110088_7,74516,57502,0.564,132018,0.564
110088_8,75087,57275,0.567,132362,0.567
110089_0,71191,60176,0.542,131367,0.542
110089_1,71999,59640,0.547,131639,0.547
110089_2,72176,60244,0.545,132420,0.545
110089_3,71144,60882,0.539,132026,0.539
110089_4,71350,60224,0.542,131574,0.542
110089_5,71579,60380,0.542,131959,0.542
110089_6,71762,60286,0.543,132048,0.543
110089_7,71977,60135,0.545,132112,0.545
110089_8,71546,60100,0.543,131646,0.543
110090_0,64700,66101,0.495,130801,0.495
110090_1,65494,66658,0.496,132152,0.496
110090_2,65455,66508,0.496,131963,0.496
110090_3,65684,65776,0.5,131460,0.5
110090_4,65887,66188,0.499,132075,0.499
110090_5,65941,66184,0.499,132125,0.499
110090_6,65372,66342,0.496,131714,0.496
110090_7,65432,66229,0.497,131661,0.497
110090_8,65646,65517,0.5,131163,0.5
110092_0,55407,76006,0.422,131413,0.422
110092_1,56628,75178,0.43,131806,0.43
110092_2,55180,76923,0.418,132103,0.418
110092_3,54493,77552,0.413,132045,0.413
110092_4,55052,76547,0.418,131599,0.418
110092_5,54217,77937,0.41,132154,0.41
110092_6,54227,77599,0.411,131826,0.411
110092_7,54516,77639,0.413,132155,0.413
110092_8,53087,78172,0.404,131259,0.404
110093_0,62417,68578,0.476,130995,0.476
110093_1,62244,69133,0.474,131377,0.474
110093_2,62687,69483,0.474,132170,0.474
110093_3,62809,69158,0.476,131967,0.476
110093_4,63231,69537,0.476,132768,0.476
110093_5,62493,69132,0.475,131625,0.475
110093_6,62663,69208,0.475,131871,0.475
110093_7,62704,69089,0.476,131793,0.476
110093_8,63326,68637,0.48,131963,0.48
110094_0,59915,71311,0.457,131226,0.457
110094_1,60739,71231,0.46,131970,0.46
110094_2,60381,71367,0.458,131748,0.458
110094_3,60330,71383,0.458,131713,0.458
110094_4,60481,71688,0.458,132169,0.458
110094_5,60370,71468,0.458,131838,0.458
110094_6,60178,71408,0.457,131586,0.457
110094_7,60601,71312,0.459,131913,0.459
110094_8,60582,71356,0.459,131938,0.459
110095_0,62472,69219,0.474,131691,0.474
110095_1,62566,68875,0.476,131441,0.476
110095_2,62641,68462,0.478,131103,0.478
110095_3,62791,69084,0.476,131875,0.476
110095_4,62885,68854,0.477,131739,0.477
110095_5,63038,68812,0.478,131850,0.478
110095_6,62953,69313,0.476,132266,0.476
110095_7,62696,68831,0.477,131527,0.477
110095_8,63410,68376,0.481,131786,0.481
110096_0,71991,59440,0.548,131431,0.548
110096_1,72635,59083,0.551,131718,0.551
110096_2,73431,58033,0.559,131464,0.559
110096_3,74687,57511,0.565,132198,0.565
110096_4,73549,57771,0.56,131320,0.56
110096_5,74439,57509,0.564,131948,0.564
110096_6,74434,57170,0.566,131604,0.566
110096_7,73537,58755,0.556,132292,0.556
110096_8,73523,58073,0.559,131596,0.559
110097_0,61873,69905,0.47,131778,0.47
110097_1,62206,69337,0.473,131543,0.473
110097_2,61995,69763,0.471,131758,0.471
110097_3,62564,69491,0.474,132055,0.474
110097_4,62618,69036,0.476,131654,0.476
110097_5,62579,69387,0.474,131966,0.474
110097_6,62312,69294,0.473,131606,0.473
110097_7,62600,69617,0.473,132217,0.473
110097_8,62650,68619,0.477,131269,0.477
110098_0,50922,80506,0.387,131428,0.387
110098_1,50475,80520,0.385,130995,0.385
110098_2,50423,81742,0.382,132165,0.382
110098_3,49935,81691,0.379,131626,0.379
110098_4,49659,81760,0.378,131419,0.378
110098_5,49760,81922,0.378,131682,0.378
110098_6,49967,81829,0.379,131796,0.379
110098_7,48993,82093,0.374,131086,0.374
110098_8,49880,82398,0.377,132278,0.377
110100_0,53233,78780,0.403,132013,0.403
110100_1,53293,78732,0.404,132025,0.404
110100_2,53258,77996,0.406,131254,0.406
110100_3,46371,85236,0.352,131607,0.352
110100_4,46814,85074,0.355,131888,0.355
110100_5,46781,85435,0.354,132216,0.354
110100_6,46583,85055,0.354,131638,0.354
110100_7,46790,84946,0.355,131736,0.355
110100_8,46515,85305,0.353,131820,0.353
110101_0,64990,66504,0.494,131494,0.494
110101_1,65082,67271,0.492,132353,0.492
110101_2,63952,67782,0.485,131734,0.485
110101_3,63860,68340,0.483,132200,0.483
110101_4,63590,68203,0.482,131793,0.482
110101_5,63892,68128,0.484,132020,0.484
110101_6,64434,67958,0.487,132392,0.487
110101_7,64834,66756,0.493,131590,0.493
110101_8,65431,66094,0.497,131525,0.497
